11 7 27 67, 18 4 117 130, 3 8 153 159, 15 13 172 181, 2 5 211 244, 12 14 244 249, 15 15 270 312, 17 11 312 336, 3 15 389 399, 
17 18 0 15, 9 18 63 73, 11 8 73 79, 9 13 79 123, 12 6 152 194, 9 19 194 203, 17 17 203 245, 3 5 263 282, 17 9 282 311, 15 9 312 330, 3 11 349 378, 3 14 378 389, 
18 7 0 44, 12 13 44 66, 12 8 66 84, 18 1 109 117, 17 21 117 132, 17 14 132 144, 3 10 224 263, 3 19 415 435, 
9 16 0 42, 2 3 84 124, 3 1 124 153, 6 1 153 186, 2 12 186 211, 18 16 243 261, 9 20 265 283, 12 10 331 349, 
3 7 0 39, 2 1 68 78, 18 12 78 109, 3 9 159 189, 12 3 194 199, 15 6 199 242, 2 6 244 282, 9 15 283 297, 11 4 297 318, 6 16 318 349, 6 3 349 363, 6 4 363 380, 18 6 385 431, 
2 7 0 25, 6 5 25 58, 17 13 73 106, 11 1 115 145, 6 2 275 294, 12 9 326 331, 9 6 332 361, 11 5 361 390, 9 12 390 431, 
15 12 0 45, 9 2 123 144, 3 3 216 224, 6 14 265 275, 3 4 307 320, 3 18 320 349, 2 13 349 388, 12 11 388 427, 
2 2 78 84, 6 8 186 224, 15 8 242 270, 15 11 330 336, 17 12 336 353, 
15 7 45 92, 15 14 92 113, 2 4 124 134, 6 7 134 151, 18 13 151 177, 17 8 177 194, 12 15 249 288, 18 5 288 305, 6 20 395 419, 
11 6 0 27, 2 8 27 68, 6 6 107 125, 6 18 224 250, 3 17 282 302, 18 11 305 353, 18 17 353 385, 2 14 388 425, 12 12 427 434, 
12 1 0 29, 17 1 29 73, 15 1 113 131, 17 22 144 161, 3 2 189 216, 18 10 216 243, 6 9 250 265, 12 7 288 303, 
9 1 42 63, 6 17 63 107, 15 2 131 172, 12 4 199 240, 6 19 380 395, 3 12 399 415, 
11 9 79 115, 18 8 130 140, 11 3 181 189, 9 3 203 223, 9 7 297 302, 3 6 302 307, 12 18 307 326, 
6 15 0 13, 3 13 83 116, 11 2 145 181, 9 10 302 312, 
3 16 39 83, 12 2 84 128, 12 5 128 152, 9 14 223 265, 17 10 265 278, 9 11 312 332, 
