11 7 93 133, 18 4 133 146, 3 8 151 157, 15 13 172 181, 2 5 209 242, 12 14 242 247, 17 11 309 333, 15 15 333 375, 3 15 387 397, 
17 18 0 15, 9 18 63 73, 9 13 73 117, 11 8 133 139, 9 19 139 148, 12 6 152 194, 17 17 199 241, 3 5 261 280, 17 9 280 309, 3 11 347 376, 3 14 376 387, 15 9 387 405, 
18 7 0 44, 12 13 44 66, 12 8 66 84, 18 1 107 115, 17 21 115 130, 17 14 130 142, 3 10 222 261, 3 19 413 433, 
9 16 0 42, 2 3 82 122, 3 1 122 151, 6 1 151 184, 2 12 184 209, 9 20 218 236, 18 16 241 259, 12 10 329 347, 
3 7 0 39, 2 1 66 76, 18 12 76 107, 3 9 157 187, 12 3 194 199, 15 6 199 242, 2 6 242 280, 9 15 280 294, 11 4 294 315, 6 16 315 346, 6 3 346 360, 6 4 360 377, 18 6 383 429, 
2 7 0 25, 6 5 25 58, 17 13 73 106, 11 1 212 242, 6 2 273 292, 12 9 324 329, 9 6 329 358, 11 5 358 387, 9 12 387 428, 
15 12 0 45, 9 2 117 138, 3 3 214 222, 6 14 263 273, 3 4 305 318, 3 18 318 347, 2 13 347 386, 12 11 386 425, 
2 2 76 82, 6 8 184 222, 15 8 242 270, 17 12 333 350, 15 11 405 411, 
15 7 45 92, 15 14 92 113, 2 4 122 132, 6 7 132 149, 18 13 156 182, 17 8 182 199, 12 15 247 286, 18 5 286 303, 6 20 392 416, 
2 8 25 66, 11 6 66 93, 6 6 107 125, 6 18 222 248, 3 17 280 300, 18 11 303 351, 18 17 351 383, 2 14 386 423, 12 12 425 432, 
12 1 0 29, 17 1 29 73, 15 1 113 131, 17 22 142 159, 3 2 187 214, 18 10 214 241, 6 9 248 263, 12 7 286 301, 
9 1 42 63, 6 17 63 107, 15 2 131 172, 12 4 199 240, 6 19 377 392, 3 12 397 413, 
18 8 146 156, 9 3 156 176, 11 9 176 212, 11 3 278 286, 9 7 294 299, 3 6 300 305, 12 18 305 324, 
6 15 0 13, 3 13 83 116, 11 2 242 278, 9 10 299 309, 
3 16 39 83, 12 2 84 128, 12 5 128 152, 9 14 176 218, 17 10 241 254, 9 11 309 329, 
