18 4 8 21, 11 7 27 67, 17 16 153 158, 15 13 167 176, 17 19 200 206, 3 8 235 241, 15 15 241 283, 2 5 283 316, 3 15 323 333, 
9 13 36 80, 3 14 101 112, 17 18 131 146, 11 8 146 152, 17 17 158 200, 15 5 201 213, 12 6 225 267, 3 5 269 288, 9 18 288 298, 9 19 318 327, 3 11 385 414, 
18 1 0 8, 18 7 38 82, 12 8 180 198, 12 13 203 225, 3 19 249 269, 3 10 346 385, 
6 1 0 33, 3 1 39 68, 2 12 118 143, 2 3 191 231, 9 16 236 278, 12 10 282 300, 18 16 326 344, 9 20 397 415, 
3 7 0 39, 2 1 39 49, 12 3 73 78, 18 12 92 123, 18 6 123 169, 6 16 186 217, 9 15 222 236, 6 3 236 250, 6 4 250 267, 11 4 267 288, 3 9 288 318, 15 6 318 361, 2 6 361 399, 
17 13 0 33, 6 2 33 52, 2 7 52 77, 11 1 77 107, 6 5 109 142, 15 3 176 193, 12 9 198 203, 11 5 288 317, 9 6 327 356, 9 12 356 397, 
9 2 80 101, 15 12 101 146, 2 13 146 185, 15 4 193 201, 3 18 206 235, 3 3 241 249, 12 16 300 310, 3 4 333 346, 12 11 348 387, 6 14 402 412, 
17 15 146 153, 2 2 185 191, 6 8 284 322, 17 12 322 339, 15 11 411 417, 
18 5 21 38, 15 7 47 94, 15 14 146 167, 18 13 169 195, 17 20 206 211, 2 4 231 241, 6 7 267 284, 6 20 363 387, 
11 6 0 27, 2 8 77 118, 17 2 118 131, 6 6 142 160, 6 18 160 186, 3 17 186 206, 2 14 241 278, 18 11 278 326, 18 17 344 376, 12 12 406 413, 
12 1 0 29, 15 1 29 47, 17 1 47 91, 3 2 156 183, 18 10 195 222, 12 7 267 282, 17 7 282 301, 17 22 339 356, 6 9 387 402, 
9 1 0 21, 6 17 65 109, 12 4 109 150, 12 17 310 348, 6 19 348 363, 3 12 414 430, 
9 7 21 26, 18 8 82 92, 9 3 101 121, 11 3 152 160, 11 9 160 196, 17 6 211 257, 3 6 318 323, 12 18 387 406, 
9 10 26 36, 6 15 52 65, 3 13 68 101, 11 2 107 143, 15 10 361 411, 
12 2 29 73, 3 16 112 156, 12 5 156 180, 9 14 180 222, 9 11 298 318, 
