2 5 26 59, 18 4 59 72, 17 19 140 146, 3 8 189 195, 11 7 195 235, 3 15 236 246, 18 15 246 262, 15 13 328 337, 15 15 337 379, 
11 8 0 6, 3 5 93 112, 17 18 112 127, 18 14 127 138, 3 14 195 206, 12 6 206 248, 9 13 248 292, 15 9 292 310, 15 5 316 328, 17 17 328 370, 3 11 382 411, 
12 13 29 51, 18 1 51 59, 12 8 61 79, 18 7 202 246, 17 14 300 312, 3 10 323 362, 3 19 362 382, 
9 16 0 42, 3 1 44 73, 2 3 84 124, 6 1 124 157, 9 20 157 175, 2 12 181 206, 17 3 206 217, 18 16 262 280, 12 10 280 298, 
2 1 0 10, 18 12 10 41, 6 16 46 77, 3 7 117 156, 18 6 156 202, 3 9 206 236, 12 3 248 253, 11 4 253 274, 6 3 281 295, 6 4 295 312, 2 6 312 350, 9 15 350 364, 15 6 379 422, 
6 5 0 33, 2 7 59 84, 11 1 84 114, 12 9 167 172, 17 13 172 205, 9 6 216 245, 6 2 245 264, 15 3 264 281, 11 5 281 310, 9 12 384 425, 
12 16 51 61, 15 12 122 167, 9 2 175 196, 2 13 206 245, 3 18 246 275, 15 4 281 289, 17 5 289 300, 3 3 302 310, 3 4 310 323, 12 11 323 362, 6 14 404 414, 
2 2 20 26, 15 8 94 122, 15 11 310 316, 6 8 351 389, 17 12 389 406, 
2 4 10 20, 15 7 47 94, 18 5 94 111, 17 20 146 151, 15 14 167 188, 6 7 264 281, 6 20 327 351, 
11 6 42 69, 3 17 73 93, 17 2 127 140, 2 8 140 181, 6 18 201 227, 6 6 227 245, 2 14 245 282, 18 17 290 322, 12 12 362 369, 18 11 369 417, 
12 1 0 29, 15 1 29 47, 17 1 47 91, 17 22 217 234, 3 2 275 302, 18 10 322 349, 17 7 370 389, 6 9 389 404, 12 7 410 425, 
9 1 64 85, 12 17 85 123, 6 17 157 201, 17 4 234 247, 6 19 312 327, 12 4 369 410, 3 12 411 427, 
11 9 6 42, 9 7 85 90, 3 6 112 117, 9 3 196 216, 11 3 235 243, 18 8 280 290, 12 18 298 317, 
6 15 33 46, 11 2 114 150, 3 13 156 189, 9 10 334 344, 
3 16 0 44, 9 17 44 64, 12 2 123 167, 12 5 172 196, 9 14 292 334, 9 11 364 384, 
