17 16 85 90, 18 4 114 127, 18 15 127 143, 2 5 143 176, 12 14 216 221, 17 19 232 238, 15 13 271 280, 3 15 289 299, 3 8 307 313, 15 15 313 355, 17 11 355 379, 11 7 379 419, 
9 13 26 70, 17 18 70 85, 11 8 85 91, 18 14 103 114, 17 17 114 156, 12 6 156 198, 9 18 205 215, 3 14 227 238, 3 5 238 257, 9 19 262 271, 15 9 280 298, 17 9 298 327, 3 11 395 424, 
12 13 29 51, 18 7 51 95, 18 1 95 103, 3 19 174 194, 12 8 198 216, 3 10 356 395, 
6 1 0 33, 3 1 116 145, 9 16 163 205, 2 12 205 230, 9 20 271 289, 12 10 316 334, 2 3 334 374, 18 16 383 401, 
18 12 0 31, 2 1 31 41, 6 16 46 77, 3 7 77 116, 15 6 162 205, 11 4 205 226, 12 3 226 231, 6 3 234 248, 9 15 248 262, 18 6 262 308, 6 4 308 325, 3 9 326 356, 2 6 374 412, 
17 13 0 33, 2 7 41 66, 11 1 91 121, 6 5 121 154, 6 2 215 234, 11 5 234 263, 12 9 272 277, 9 6 289 318, 9 12 318 359, 
9 2 80 101, 3 18 145 174, 15 12 205 250, 2 13 250 289, 3 3 299 307, 3 4 313 326, 12 11 369 408, 6 14 417 427, 
17 15 33 40, 15 8 65 93, 2 2 107 113, 6 8 340 378, 15 11 378 384, 17 12 396 413, 
15 7 0 47, 2 4 113 123, 18 5 143 160, 6 7 198 215, 17 8 215 232, 15 14 250 271, 12 15 277 316, 17 20 340 345, 6 20 378 402, 
11 6 0 27, 3 17 44 64, 2 8 66 107, 6 6 154 172, 6 18 172 198, 2 14 289 326, 18 11 335 383, 18 17 401 433, 12 12 433 440, 
12 1 0 29, 15 1 47 65, 17 1 156 200, 3 2 257 284, 18 10 308 335, 12 7 335 350, 17 22 379 396, 6 9 402 417, 
9 1 0 21, 6 17 77 121, 15 2 121 162, 12 4 231 272, 6 19 325 340, 3 12 424 440, 
9 7 21 26, 9 3 101 121, 11 9 121 157, 18 8 160 170, 11 3 193 201, 3 6 284 289, 12 18 350 369, 
6 15 33 46, 9 10 70 80, 11 2 157 193, 3 13 194 227, 
3 16 0 44, 12 5 51 75, 12 2 75 119, 9 14 121 163, 9 11 215 235, 17 10 327 340, 
