2 5 26 59, 12 14 59 64, 18 15 64 80, 17 19 80 86, 15 13 125 134, 11 7 152 192, 15 15 192 234, 3 15 281 291, 3 8 291 297, 17 16 336 341, 
3 5 29 48, 18 14 48 59, 17 18 59 74, 2 9 125 135, 11 8 192 198, 9 13 198 242, 3 14 270 281, 12 6 281 323, 17 17 341 383, 18 3 383 404, 3 11 404 433, 
12 13 0 22, 12 8 22 40, 18 7 80 124, 18 1 288 296, 3 19 297 317, 3 10 347 386, 
3 1 0 29, 6 1 72 105, 9 16 112 154, 18 16 154 172, 2 3 197 237, 9 20 242 260, 12 10 260 278, 
2 1 0 10, 18 12 10 41, 6 16 41 72, 3 7 132 171, 6 3 209 223, 6 4 223 240, 12 3 248 253, 15 6 253 296, 11 4 296 317, 3 9 317 347, 9 15 352 366, 2 6 366 404, 18 6 404 450, 
11 1 0 30, 2 7 59 84, 12 9 84 89, 6 5 105 138, 6 2 138 157, 2 11 159 197, 17 13 197 230, 9 6 323 352, 18 2 352 364, 9 12 366 407, 11 5 407 436, 
15 12 0 45, 3 3 119 127, 9 2 174 195, 3 4 195 208, 3 18 208 237, 6 14 310 320, 12 11 323 362, 
2 2 10 16, 6 8 257 295, 17 15 329 336, 15 11 393 399, 17 12 405 422, 
2 4 16 26, 15 14 45 66, 12 15 89 128, 6 7 240 257, 15 7 296 343, 17 20 383 388, 6 20 420 444, 
2 8 84 125, 11 6 125 152, 17 2 152 165, 3 17 171 191, 6 6 191 209, 18 17 209 241, 2 14 241 278, 18 11 296 344, 6 18 364 390, 12 12 405 412, 
17 1 0 44, 15 1 66 84, 3 2 92 119, 12 1 151 180, 18 10 261 288, 6 9 295 310, 17 7 310 329, 17 22 388 405, 12 7 412 427, 
9 1 0 21, 15 2 84 125, 6 17 320 364, 12 4 364 405, 6 19 405 420, 3 12 433 449, 
9 7 21 26, 3 6 127 132, 12 18 132 151, 11 9 198 234, 17 6 234 280, 11 3 280 288, 9 3 303 323, 
6 15 0 13, 9 10 26 36, 11 2 36 72, 2 10 135 159, 3 13 237 270, 15 10 343 393, 
3 16 48 92, 9 11 92 112, 9 17 154 174, 12 2 180 224, 12 5 224 248, 18 9 248 261, 9 14 261 303, 
