17 19 21 27, 18 4 52 65, 15 13 65 74, 3 15 146 156, 11 7 186 226, 15 15 228 270, 3 8 294 300, 2 5 305 338, 
11 8 0 6, 17 18 6 21, 9 18 104 114, 3 14 135 146, 9 19 146 155, 3 5 156 175, 12 6 175 217, 9 13 227 271, 15 9 271 289, 15 5 320 332, 17 17 332 374, 3 11 389 418, 
18 1 0 8, 18 7 8 52, 12 8 73 91, 12 13 217 239, 17 14 251 263, 3 19 330 350, 3 10 350 389, 
3 1 0 29, 6 1 29 62, 9 16 62 104, 2 12 109 134, 9 20 155 173, 2 3 234 274, 12 10 287 305, 18 16 352 370, 
3 7 29 68, 18 12 68 99, 2 1 99 109, 12 3 120 125, 6 3 138 152, 6 4 152 169, 6 16 169 200, 18 6 200 246, 11 4 246 267, 3 9 300 330, 9 15 330 344, 15 6 344 387, 2 6 387 425, 
2 7 0 25, 6 2 75 94, 12 9 115 120, 11 1 120 150, 17 13 152 185, 9 6 198 227, 6 5 227 260, 15 3 295 312, 11 5 312 341, 9 12 374 415, 
15 12 0 45, 9 2 114 135, 2 13 135 174, 3 3 219 227, 12 16 239 249, 3 18 252 281, 3 4 281 294, 15 4 312 320, 12 11 380 419, 6 14 419 429, 
15 8 200 228, 2 2 228 234, 17 12 234 251, 15 11 289 295, 6 10 295 309, 
17 20 27 32, 15 14 74 95, 18 5 99 116, 15 7 153 200, 6 7 278 295, 2 4 295 305, 18 13 326 352, 6 20 380 404, 
2 8 25 66, 11 6 66 93, 17 2 93 106, 2 14 174 211, 3 17 232 252, 6 6 260 278, 18 11 278 326, 6 18 326 352, 18 17 370 402, 12 12 419 426, 
12 1 0 29, 17 22 32 49, 17 1 49 93, 3 2 108 135, 15 1 135 153, 17 7 185 204, 18 10 246 273, 12 7 365 380, 6 9 404 419, 
9 1 0 21, 6 17 94 138, 12 17 249 287, 12 4 324 365, 6 19 365 380, 3 12 418 434, 
11 9 6 42, 17 6 106 152, 9 7 173 178, 9 3 178 198, 3 6 227 232, 11 3 232 240, 12 18 305 324, 
6 15 62 75, 3 13 75 108, 11 2 150 186, 9 10 344 354, 
12 2 29 73, 12 5 91 115, 18 9 116 129, 3 16 175 219, 9 14 271 313, 9 11 354 374, 
