18 4 83 96, 3 8 145 151, 15 13 172 181, 11 7 181 221, 2 5 228 261, 17 16 261 266, 12 14 279 284, 15 15 284 326, 3 15 381 391, 
11 8 0 6, 17 18 44 59, 9 18 63 73, 9 13 73 117, 9 19 138 147, 12 6 191 233, 3 5 255 274, 17 17 274 316, 3 11 341 370, 3 14 370 381, 15 9 381 399, 
18 7 0 44, 18 1 75 83, 12 13 83 105, 12 8 105 123, 17 21 123 138, 3 10 216 255, 3 19 407 427, 
9 16 0 42, 2 12 85 110, 3 1 116 145, 6 1 145 178, 2 3 178 218, 17 3 218 229, 9 20 233 251, 18 16 251 269, 12 10 367 385, 
3 7 0 39, 18 12 44 75, 2 1 75 85, 3 9 151 181, 15 6 181 224, 12 3 233 238, 9 15 251 265, 2 6 265 303, 6 16 303 334, 6 3 334 348, 6 4 348 365, 11 4 365 386, 18 6 386 432, 
2 7 0 25, 6 5 25 58, 11 1 58 88, 17 13 88 121, 6 2 267 286, 9 6 300 329, 12 9 362 367, 9 12 367 408, 11 5 408 437, 
15 12 0 45, 9 2 117 138, 3 3 208 216, 6 14 257 267, 3 4 299 312, 3 18 312 341, 2 13 341 380, 17 5 380 391, 12 11 391 430, 
2 2 110 116, 17 15 155 162, 6 8 178 216, 15 8 224 252, 15 11 399 405, 17 12 410 427, 
15 7 45 92, 15 14 92 113, 6 7 125 142, 18 13 142 168, 2 4 218 228, 18 5 269 286, 12 15 286 325, 6 20 380 404, 
2 8 25 66, 17 2 66 79, 6 6 107 125, 11 6 125 152, 6 18 216 242, 3 17 274 294, 18 11 294 342, 18 17 342 374, 2 14 380 417, 12 12 430 437, 
17 1 0 44, 12 1 44 73, 15 1 113 131, 17 22 138 155, 3 2 181 208, 18 10 208 235, 6 9 242 257, 12 7 325 340, 17 7 391 410, 
9 1 42 63, 6 17 63 107, 15 2 131 172, 12 4 238 279, 17 4 316 329, 6 19 365 380, 3 12 391 407, 
18 8 96 106, 9 3 147 167, 9 7 265 270, 3 6 294 299, 11 9 299 335, 11 3 335 343, 12 18 343 362, 
6 15 0 13, 3 13 83 116, 11 2 221 257, 9 10 270 280, 
3 16 39 83, 12 2 123 167, 12 5 167 191, 9 14 191 233, 9 11 280 300, 
