18 4 92 105, 11 7 105 145, 3 8 145 151, 15 13 172 181, 17 19 181 187, 2 5 189 222, 12 14 240 245, 15 15 270 312, 17 11 312 336, 17 16 353 358, 3 15 381 391, 
11 8 0 6, 9 18 63 73, 9 13 73 117, 17 18 117 132, 9 19 138 147, 12 6 152 194, 3 5 255 274, 17 9 274 303, 15 9 312 330, 3 11 341 370, 3 14 370 381, 17 17 381 423, 
18 7 0 44, 12 13 44 66, 12 8 66 84, 18 1 84 92, 3 10 216 255, 3 19 408 428, 
9 16 0 42, 2 3 55 95, 3 1 116 145, 6 1 145 178, 9 20 209 227, 18 16 235 253, 2 12 315 340, 12 10 340 358, 
3 7 0 39, 2 1 39 49, 18 12 49 80, 3 9 151 181, 12 3 194 199, 15 6 199 242, 11 4 242 263, 9 15 263 277, 2 6 277 315, 6 16 315 346, 6 3 346 360, 6 4 360 377, 18 6 381 427, 
6 5 13 46, 17 13 46 79, 2 7 123 148, 11 1 148 178, 11 5 263 292, 6 2 292 311, 12 9 318 323, 9 6 323 352, 9 12 352 393, 
15 12 0 45, 9 2 117 138, 3 3 208 216, 6 14 257 267, 3 4 299 312, 3 18 312 341, 2 13 341 380, 12 11 380 419, 
2 2 49 55, 17 15 79 86, 6 8 178 216, 15 8 242 270, 15 11 330 336, 17 12 358 375, 
15 7 45 92, 15 14 92 113, 2 4 113 123, 6 7 125 142, 18 13 142 168, 17 8 187 204, 17 20 222 227, 12 15 245 284, 18 5 284 301, 6 20 392 416, 
11 6 42 69, 6 6 107 125, 2 8 148 189, 6 18 216 242, 3 17 274 294, 18 11 301 349, 18 17 349 381, 2 14 381 418, 12 12 419 426, 
12 1 0 29, 15 1 113 131, 17 1 132 176, 3 2 181 208, 18 10 208 235, 6 9 242 257, 12 7 284 299, 17 22 336 353, 
9 1 42 63, 6 17 63 107, 15 2 131 172, 12 4 199 240, 6 19 377 392, 3 12 392 408, 
11 9 6 42, 18 8 105 115, 9 3 147 167, 11 3 214 222, 9 7 277 282, 3 6 294 299, 12 18 299 318, 
6 15 0 13, 3 13 83 116, 11 2 178 214, 9 10 282 292, 
3 16 39 83, 12 2 84 128, 12 5 128 152, 9 14 167 209, 17 10 209 222, 9 11 292 312, 
