2 5 26 59, 12 14 84 89, 18 4 105 118, 15 13 143 152, 11 7 156 196, 17 19 196 202, 15 15 202 244, 3 15 280 290, 3 8 290 296, 17 11 351 375, 18 15 375 391, 
3 5 29 48, 9 18 71 81, 9 19 102 111, 18 14 118 129, 2 9 129 139, 17 17 139 181, 17 18 181 196, 11 8 196 202, 9 13 202 246, 3 14 269 280, 12 6 280 322, 17 9 322 351, 3 11 385 414, 
12 13 0 22, 18 7 22 66, 12 8 66 84, 17 14 84 96, 18 1 97 105, 3 19 296 316, 3 10 346 385, 
3 1 0 29, 9 16 29 71, 6 1 71 104, 9 20 111 129, 2 3 201 241, 12 10 258 276, 18 16 391 409, 
2 1 0 10, 6 16 13 44, 18 12 66 97, 3 7 132 171, 6 3 174 188, 6 4 188 205, 18 6 205 251, 12 3 253 258, 15 6 258 301, 3 9 316 346, 2 6 346 384, 11 4 384 405, 9 15 405 419, 
11 1 0 30, 17 13 30 63, 2 7 63 88, 12 9 89 94, 6 5 104 137, 6 2 137 156, 2 11 163 201, 9 6 293 322, 9 12 322 363, 11 5 405 434, 
15 12 0 45, 3 3 119 127, 9 2 137 158, 3 4 194 207, 3 18 207 236, 6 14 275 285, 12 11 322 361, 
2 2 10 16, 6 8 222 260, 17 12 375 392, 15 11 406 412, 
2 4 16 26, 15 14 45 66, 12 15 94 133, 18 5 133 150, 6 7 205 222, 17 20 246 251, 17 8 292 309, 15 7 309 356, 6 20 417 441, 
2 8 88 129, 11 6 129 156, 6 6 156 174, 3 17 174 194, 2 14 241 278, 18 11 319 367, 6 18 367 393, 12 12 402 409, 18 17 409 441, 
15 1 66 84, 3 2 92 119, 12 1 156 185, 17 1 202 246, 6 9 260 275, 17 22 275 292, 18 10 292 319, 12 7 409 424, 
9 1 81 102, 15 2 102 143, 6 17 285 329, 12 4 361 402, 6 19 402 417, 3 12 417 433, 
3 6 127 132, 9 7 132 137, 12 18 137 156, 18 8 156 166, 11 9 202 238, 11 3 238 246, 9 3 273 293, 
6 15 0 13, 11 2 30 66, 2 10 139 163, 9 10 163 173, 3 13 236 269, 15 10 356 406, 
3 16 48 92, 12 2 185 229, 12 5 229 253, 9 11 253 273, 17 10 309 322, 9 14 363 405, 
