18 4 92 105, 11 7 105 145, 3 8 149 155, 2 5 155 188, 15 13 188 197, 12 14 240 245, 15 15 270 312, 17 11 312 336, 3 15 385 395, 
11 8 0 6, 17 18 6 21, 9 18 63 73, 9 13 73 117, 9 19 138 147, 12 6 152 194, 17 17 194 236, 3 5 259 278, 17 9 278 307, 15 9 312 330, 3 11 345 374, 3 14 374 385, 
18 7 0 44, 12 13 44 66, 12 8 66 84, 18 1 84 92, 17 21 107 122, 17 14 122 134, 3 10 220 259, 3 19 411 431, 
9 16 0 42, 2 3 80 120, 3 1 120 149, 6 1 149 182, 9 20 209 227, 18 16 239 257, 2 12 315 340, 12 10 340 358, 
3 7 0 39, 2 1 39 49, 18 12 49 80, 3 9 155 185, 12 3 194 199, 15 6 199 242, 9 15 242 256, 11 4 256 277, 2 6 277 315, 6 16 315 346, 6 3 346 360, 6 4 360 377, 18 6 381 427, 
6 5 13 46, 2 7 49 74, 17 13 74 107, 11 1 145 175, 6 2 280 299, 9 6 299 328, 12 9 328 333, 11 5 333 362, 9 12 362 403, 
15 12 0 45, 9 2 117 138, 3 3 212 220, 6 14 270 280, 3 4 303 316, 3 18 316 345, 2 13 345 384, 12 11 384 423, 
2 2 74 80, 6 8 182 220, 15 8 242 270, 15 11 330 336, 17 12 336 353, 
15 7 45 92, 15 14 92 113, 2 4 120 130, 6 7 130 147, 18 13 147 173, 17 8 173 190, 12 15 245 284, 18 5 284 301, 6 20 392 416, 
11 6 42 69, 6 6 107 125, 2 8 188 229, 6 18 229 255, 3 17 278 298, 18 11 301 349, 18 17 349 381, 2 14 384 421, 12 12 423 430, 
12 1 0 29, 17 1 29 73, 15 1 113 131, 17 22 134 151, 3 2 185 212, 18 10 212 239, 6 9 255 270, 12 7 284 299, 
9 1 42 63, 6 17 63 107, 15 2 131 172, 12 4 199 240, 6 19 377 392, 3 12 395 411, 
11 9 6 42, 18 8 105 115, 9 3 147 167, 11 3 211 219, 9 7 256 261, 3 6 298 303, 12 18 303 322, 
6 15 0 13, 3 13 83 116, 11 2 175 211, 9 10 261 271, 
3 16 39 83, 12 2 84 128, 12 5 128 152, 9 14 167 209, 17 10 236 249, 9 11 271 291, 
