17 19 15 21, 18 4 52 65, 15 13 65 74, 11 7 93 133, 3 15 139 149, 15 15 221 263, 3 8 287 293, 2 5 348 381, 
17 18 0 15, 11 8 15 21, 9 13 21 65, 3 14 128 139, 3 5 149 168, 12 6 168 210, 15 9 263 281, 15 5 312 324, 17 17 324 366, 3 11 384 413, 
18 1 0 8, 18 7 8 52, 12 8 73 91, 12 13 210 232, 17 14 244 256, 9 4 312 325, 3 19 325 345, 3 10 345 384, 
3 1 0 29, 6 1 29 62, 2 12 109 134, 9 16 134 176, 9 20 252 270, 12 10 280 298, 2 3 298 338, 18 16 374 392, 
3 7 29 68, 18 12 68 99, 2 1 99 109, 12 3 120 125, 18 6 129 175, 6 3 183 197, 6 4 197 214, 6 16 214 245, 11 4 245 266, 3 9 293 323, 15 6 324 367, 9 15 367 381, 2 6 381 419, 
2 7 0 25, 11 1 25 55, 12 9 115 120, 6 2 120 139, 17 13 152 185, 6 5 245 278, 15 3 287 304, 9 5 325 330, 9 6 330 359, 11 5 359 388, 9 12 388 429, 
15 12 0 45, 2 13 134 173, 9 9 176 185, 9 2 185 206, 3 3 212 220, 12 16 232 242, 3 18 245 274, 3 4 274 287, 15 4 304 312, 12 11 373 412, 6 14 422 432, 
9 8 91 130, 15 8 193 221, 2 2 221 227, 17 12 227 244, 15 11 281 287, 6 10 328 342, 
17 20 21 26, 15 14 74 95, 18 5 99 116, 15 7 146 193, 6 7 311 328, 2 4 338 348, 18 13 348 374, 6 20 383 407, 
2 8 25 66, 11 6 66 93, 17 2 93 106, 2 14 173 210, 3 17 225 245, 18 11 245 293, 6 6 293 311, 6 18 342 368, 18 17 392 424, 12 12 424 431, 
12 1 0 29, 17 22 29 46, 17 1 46 90, 3 2 101 128, 15 1 128 146, 17 7 185 204, 18 10 204 231, 12 7 358 373, 6 9 407 422, 
9 1 65 86, 6 17 139 183, 12 17 242 280, 12 4 317 358, 6 19 368 383, 3 12 413 429, 
9 7 86 91, 17 6 106 152, 11 3 169 177, 11 9 177 213, 3 6 220 225, 12 18 298 317, 
3 13 68 101, 6 15 101 114, 11 2 133 169, 
12 2 29 73, 12 5 91 115, 18 9 116 129, 3 16 168 212, 9 11 212 232, 9 17 232 252, 9 14 270 312, 
