17 19 15 21, 18 4 52 65, 17 16 65 70, 3 15 146 156, 11 7 177 217, 3 8 294 300, 15 13 300 309, 15 15 309 351, 2 5 357 390, 17 11 390 414, 
17 18 0 15, 9 13 15 59, 11 8 59 65, 3 14 135 146, 3 5 156 175, 12 6 175 217, 17 17 217 259, 17 9 304 333, 3 11 391 420, 
18 1 0 8, 18 7 8 52, 12 8 73 91, 12 13 217 239, 9 4 319 332, 3 19 332 352, 3 10 352 391, 
3 1 0 29, 6 1 29 62, 2 12 78 103, 9 16 145 187, 9 20 259 277, 12 10 287 305, 2 3 305 345, 18 16 347 365, 
3 7 29 68, 2 1 68 78, 18 12 78 109, 12 3 120 125, 6 3 138 152, 6 4 152 169, 6 16 169 200, 18 6 200 246, 15 6 257 300, 3 9 300 330, 11 4 330 351, 9 15 366 380, 2 6 390 428, 
2 7 0 25, 17 13 25 58, 6 2 75 94, 12 9 115 120, 11 1 120 150, 6 5 200 233, 9 5 332 337, 9 6 337 366, 11 5 366 395, 9 12 395 436, 
15 12 94 139, 2 13 139 178, 9 9 187 196, 9 2 196 217, 3 3 219 227, 12 16 239 249, 3 18 252 281, 3 4 281 294, 12 11 380 419, 6 14 419 429, 
17 15 58 65, 9 8 106 145, 2 2 215 221, 15 11 251 257, 6 10 287 301, 17 12 414 431, 
15 7 47 94, 18 5 109 126, 15 14 139 160, 17 20 179 184, 6 7 270 287, 17 8 287 304, 18 13 321 347, 2 4 347 357, 6 20 380 404, 
2 8 25 66, 11 6 150 177, 2 14 178 215, 3 17 232 252, 6 6 252 270, 18 11 273 321, 6 18 321 347, 18 17 365 397, 12 12 419 426, 
12 1 0 29, 15 1 29 47, 3 2 108 135, 17 1 135 179, 17 22 184 201, 18 10 246 273, 12 7 365 380, 6 9 404 419, 
9 1 59 80, 6 17 94 138, 15 2 160 201, 12 17 249 287, 12 4 324 365, 6 19 365 380, 3 12 420 436, 
11 9 65 101, 9 7 101 106, 3 6 227 232, 11 3 287 295, 12 18 305 324, 
6 15 62 75, 3 13 75 108, 15 10 201 251, 11 2 251 287, 
12 2 29 73, 12 5 91 115, 18 9 126 139, 3 16 175 219, 9 11 219 239, 9 17 239 259, 9 14 277 319, 17 10 333 346, 
