18 4 99 112, 15 13 148 157, 14 2 159 169, 17 19 185 191, 15 15 196 238, 17 11 238 262, 
4 1 0 18, 7 19 18 49, 17 18 49 64, 17 9 130 159, 9 13 198 242, 7 11 247 294, 13 18 304 348, 17 17 372 414, 
18 1 0 8, 5 2 68 102, 7 7 102 124, 18 7 124 168, 8 12 170 213, 8 20 213 258, 5 17 258 279, 4 9 287 292, 9 4 292 305, 17 14 333 345, 14 8 352 360, 
5 1 0 29, 9 16 29 71, 6 1 71 104, 8 1 104 154, 9 20 154 172, 14 11 198 240, 14 3 247 255, 14 5 255 264, 16 15 283 289, 13 15 300 304, 18 16 307 325, 14 6 325 352, 5 9 355 392, 
6 16 13 44, 5 15 44 68, 18 12 68 99, 4 4 113 121, 16 7 121 126, 16 8 126 142, 7 8 183 192, 18 6 234 280, 9 15 305 319, 15 6 329 372, 6 3 399 413, 6 4 413 430, 
4 13 48 69, 7 20 69 87, 16 6 87 92, 6 5 104 137, 13 12 149 187, 6 2 199 218, 7 9 218 242, 4 8 242 287, 13 14 287 300, 17 13 300 333, 9 5 349 354, 9 6 354 383, 9 12 383 424, 
7 1 0 12, 15 12 103 148, 4 16 148 171, 9 2 177 198, 4 11 325 361, 7 17 361 381, 6 14 389 399, 5 18 399 433, 
13 17 0 15, 5 14 29 40, 15 11 97 103, 16 11 253 283, 17 12 283 300, 6 8 300 338, 
15 7 0 47, 14 1 47 90, 4 3 93 113, 17 8 113 130, 15 14 157 178, 18 5 178 195, 18 13 195 221, 6 7 221 238, 4 10 292 325, 16 16 325 330, 17 20 345 350, 6 20 350 374, 
8 17 0 34, 6 6 137 155, 7 21 155 183, 4 7 183 203, 13 13 203 219, 16 9 219 228, 14 13 240 247, 6 18 247 273, 8 15 273 309, 8 13 309 353, 18 17 353 385, 18 11 385 433, 
16 1 0 41, 16 18 41 59, 17 1 64 108, 13 1 108 149, 8 19 154 170, 15 1 178 196, 16 10 242 253, 18 10 280 307, 7 14 307 327, 5 6 327 355, 17 22 355 372, 6 9 374 389, 
4 2 18 48, 4 15 69 93, 9 1 93 114, 14 9 114 124, 6 17 155 199, 7 10 242 247, 6 19 273 288, 15 2 288 329, 
9 7 172 177, 5 16 177 191, 5 5 279 287, 16 17 330 349, 7 18 381 407, 
6 15 0 13, 15 10 47 97, 16 20 97 112, 14 12 169 198, 5 4 198 223, 16 21 228 242, 9 10 319 329, 7 16 329 339, 13 16 348 361, 8 14 361 392, 8 16 392 420, 
9 17 114 134, 14 10 134 159, 5 3 159 172, 17 10 172 185, 18 9 221 234, 9 14 242 284, 9 11 329 349, 4 12 361 390, 
