18 4 8 21, 18 15 120 136, 17 11 180 204, 15 13 243 252, 15 15 252 294, 17 19 363 369, 8 11 369 384, 
4 1 0 18, 9 13 21 65, 13 18 65 109, 18 14 109 120, 7 19 120 151, 17 9 151 180, 8 5 194 212, 17 18 212 227, 15 5 231 243, 7 11 243 290, 17 17 321 363, 15 9 379 397, 
18 1 0 8, 7 7 12 34, 5 2 40 74, 14 4 74 92, 18 7 136 180, 5 17 186 207, 14 8 207 215, 4 9 224 229, 8 20 229 274, 8 7 274 309, 17 14 309 321, 9 4 321 334, 
5 1 0 29, 6 1 44 77, 8 1 77 127, 14 5 127 136, 14 6 136 163, 8 4 183 194, 18 16 194 212, 9 16 216 258, 5 9 258 295, 9 20 295 313, 13 15 313 317, 14 11 317 359, 16 15 359 365, 
6 16 13 44, 7 8 44 53, 18 12 53 84, 5 15 84 108, 6 3 108 122, 9 15 122 136, 4 4 151 159, 16 7 170 175, 16 8 175 191, 6 4 253 270, 15 6 294 337, 18 6 376 422, 
17 13 0 33, 4 13 33 54, 7 9 54 78, 6 2 78 97, 15 3 97 114, 6 5 122 155, 16 6 165 170, 4 8 179 224, 13 12 224 262, 13 14 278 291, 8 8 309 325, 7 20 325 343, 9 5 343 348, 9 6 348 377, 9 12 377 418, 
7 1 0 12, 4 16 78 101, 9 2 136 157, 15 12 157 202, 15 4 202 210, 8 18 212 227, 4 11 264 300, 5 18 300 334, 7 17 343 363, 6 14 405 415, 
13 17 0 15, 5 14 29 40, 16 11 281 311, 6 8 313 351, 15 8 351 379, 17 12 379 396, 15 11 397 403, 
14 1 0 43, 15 7 43 90, 17 8 90 107, 4 3 131 151, 15 14 210 231, 4 10 231 264, 18 5 270 287, 6 7 296 313, 8 9 325 349, 16 16 365 370, 6 20 381 405, 17 20 405 410, 
8 17 0 34, 4 7 159 179, 16 9 191 200, 6 18 227 253, 13 13 262 278, 6 6 278 296, 18 11 296 344, 18 17 344 376, 14 13 376 383, 7 21 389 417, 
15 1 0 18, 17 1 33 77, 16 18 77 95, 16 1 124 165, 13 1 165 206, 5 6 215 243, 18 10 243 270, 16 10 270 281, 7 14 290 310, 6 9 351 366, 17 22 410 427, 
9 1 0 21, 4 15 54 78, 7 10 78 83, 4 2 101 131, 8 3 148 183, 6 17 183 227, 14 9 227 237, 6 19 366 381, 
9 7 65 70, 5 16 108 122, 18 8 180 190, 5 5 207 215, 7 18 363 389, 16 17 389 408, 
6 15 0 13, 16 20 95 110, 16 21 110 124, 5 4 161 186, 9 10 186 196, 14 12 262 291, 7 16 310 320, 13 16 320 333, 
9 14 70 112, 17 10 112 125, 8 2 127 148, 5 3 148 161, 9 11 196 216, 14 10 237 262, 9 17 262 282, 4 12 300 329, 
