14 2 43 53, 15 13 63 72, 15 15 117 159, 18 4 214 227, 17 19 236 242, 16 14 307 324, 7 12 324 351, 17 11 358 382, 
4 1 0 18, 9 13 18 62, 7 19 62 93, 13 18 135 179, 17 17 179 221, 17 18 221 236, 7 11 247 294, 17 9 294 323, 15 5 323 335, 9 18 374 384, 9 19 384 393, 
17 14 33 45, 5 2 62 96, 18 1 96 104, 7 7 104 126, 8 12 127 170, 18 7 170 214, 4 9 263 268, 8 20 294 339, 5 17 344 365, 14 8 390 398, 
6 1 0 33, 5 1 33 62, 8 1 62 112, 18 16 112 130, 14 3 130 138, 5 7 144 168, 14 11 176 218, 9 16 221 263, 16 13 263 307, 5 9 307 344, 16 15 344 350, 13 15 350 354, 14 5 354 363, 14 6 363 390, 9 20 393 411, 
18 12 0 31, 4 4 68 76, 5 15 120 144, 7 8 144 153, 6 3 153 167, 9 15 172 186, 6 16 225 256, 6 4 256 273, 18 6 273 319, 15 6 335 378, 
17 13 0 33, 16 6 41 46, 6 5 46 79, 15 3 79 96, 6 2 97 116, 4 8 117 162, 7 9 162 186, 7 20 186 204, 13 12 204 242, 4 13 242 263, 13 14 263 276, 9 6 304 333, 9 12 333 374, 
15 12 0 45, 7 1 45 57, 8 18 112 127, 15 4 206 214, 9 2 263 284, 6 14 288 298, 4 11 325 361, 5 18 365 399, 4 16 399 422, 
5 14 109 120, 13 17 120 135, 6 10 167 181, 15 11 296 302, 17 12 382 399, 
14 1 0 43, 4 3 48 68, 18 13 68 94, 15 14 96 117, 6 7 117 134, 15 7 159 206, 18 5 227 244, 17 8 244 261, 4 10 268 301, 17 20 323 328, 7 13 351 369, 16 16 369 374, 6 20 392 416, 
8 17 0 34, 6 6 79 97, 4 7 97 117, 8 13 170 214, 7 21 214 242, 13 13 242 258, 8 15 258 294, 14 13 294 301, 18 17 319 351, 6 18 351 377, 18 11 378 426, 
16 1 0 41, 15 1 45 63, 13 1 63 104, 17 1 104 148, 16 18 148 166, 6 9 273 288, 17 22 328 345, 18 10 351 378, 
4 2 18 48, 14 9 53 63, 9 1 151 172, 6 17 181 225, 7 10 242 247, 4 15 301 325, 6 19 377 392, 
9 7 186 191, 5 8 191 220, 5 16 220 234, 9 3 284 304, 7 18 369 395, 16 17 395 414, 
6 15 33 46, 14 12 63 92, 16 12 92 116, 16 20 166 181, 9 10 191 201, 16 21 201 215, 8 14 215 246, 15 10 246 296, 13 16 354 367, 8 16 367 395, 
5 3 96 109, 9 14 109 151, 14 10 151 176, 9 11 201 221, 18 9 244 257, 17 10 345 358, 4 12 361 390, 
