15 13 57 66, 15 15 92 134, 18 4 180 193, 17 19 266 272, 7 12 317 344, 16 5 352 377, 
4 1 0 18, 9 13 21 65, 7 19 65 96, 17 18 115 130, 17 17 142 184, 9 18 184 194, 9 19 194 203, 7 11 270 317, 15 9 317 335, 13 18 335 379, 
7 7 12 34, 18 7 34 78, 8 12 84 127, 17 14 130 142, 14 4 142 160, 18 1 172 180, 16 3 180 213, 4 9 241 246, 8 20 269 314, 5 17 328 349, 14 8 349 357, 
8 1 0 50, 6 1 50 83, 5 1 83 112, 9 16 112 154, 18 16 154 172, 5 10 172 201, 14 11 201 243, 9 20 243 261, 13 15 278 282, 14 5 303 312, 16 4 312 352, 
18 12 0 31, 4 4 98 106, 7 8 116 125, 5 15 125 149, 9 15 154 168, 6 16 168 199, 18 6 210 256, 6 3 256 270, 6 4 326 343, 15 6 343 386, 
6 5 0 33, 17 13 44 77, 4 13 77 98, 7 20 98 116, 6 2 133 152, 13 12 152 190, 4 8 196 241, 7 9 241 265, 13 14 265 278, 5 12 278 304, 9 6 322 351, 9 12 351 392, 
7 1 0 12, 15 12 12 57, 16 2 132 164, 4 16 173 196, 8 18 209 224, 9 2 281 302, 4 11 302 338, 6 14 343 353, 5 18 353 387, 
5 14 0 11, 6 10 119 133, 15 8 211 239, 17 12 249 266, 13 17 282 297, 15 11 386 392, 
14 1 0 43, 4 3 51 71, 15 14 71 92, 6 7 102 119, 18 13 120 146, 15 7 146 193, 18 5 193 210, 4 10 246 279, 17 20 279 284, 14 7 312 341, 7 13 344 362, 6 20 362 386, 
8 17 50 84, 6 6 84 102, 17 2 102 115, 7 21 125 153, 4 7 153 173, 8 15 173 209, 13 13 209 225, 8 13 225 269, 6 18 270 296, 14 13 296 303, 18 17 303 335, 18 11 335 383, 
17 1 0 44, 16 1 44 85, 16 18 85 103, 13 1 103 144, 15 1 193 211, 17 7 230 249, 18 10 256 283, 6 9 296 311, 17 22 311 328, 
9 1 0 21, 4 2 21 51, 14 9 51 61, 4 15 106 130, 6 17 199 243, 7 10 265 270, 15 2 270 311, 6 19 311 326, 
9 7 107 112, 5 16 149 163, 17 6 184 230, 9 3 302 322, 7 18 362 388, 
14 12 61 90, 16 20 103 118, 16 21 118 132, 6 15 152 165, 9 10 168 178, 5 11 201 242, 13 16 297 310, 5 13 310 328, 8 14 328 359, 8 16 359 387, 
9 14 65 107, 18 9 107 120, 14 10 160 185, 9 11 261 281, 4 12 338 367, 
