15 13 57 66, 15 15 92 134, 18 4 172 185, 17 19 276 282, 7 12 311 338, 16 5 365 390, 
4 1 0 18, 9 13 21 65, 7 19 65 96, 17 18 115 130, 17 17 152 194, 9 18 230 240, 9 19 240 249, 7 11 264 311, 15 9 311 329, 13 18 341 385, 
7 7 12 34, 18 7 34 78, 16 19 78 97, 8 12 97 140, 17 14 140 152, 18 1 164 172, 14 4 172 190, 4 9 235 240, 16 3 240 273, 8 20 274 319, 5 17 320 341, 14 8 354 362, 
8 1 0 50, 6 1 50 83, 5 1 83 112, 18 16 146 164, 9 16 164 206, 5 10 206 235, 9 20 249 267, 14 11 267 309, 13 15 309 313, 14 5 316 325, 16 4 325 365, 
18 12 0 31, 4 4 98 106, 7 8 116 125, 5 15 125 149, 6 16 165 196, 9 15 206 220, 18 6 220 266, 6 3 266 280, 6 4 336 353, 15 6 353 396, 
6 5 0 33, 17 13 44 77, 4 13 77 98, 7 20 98 116, 6 2 133 152, 13 12 152 190, 4 8 190 235, 7 9 235 259, 13 14 259 272, 5 12 276 302, 9 6 328 357, 9 12 357 398, 
7 1 0 12, 15 12 12 57, 4 16 150 173, 8 18 186 201, 16 2 201 233, 9 2 287 308, 4 11 308 344, 6 14 353 363, 5 18 363 397, 
5 14 0 11, 6 10 119 133, 15 8 211 239, 17 12 259 276, 13 17 313 328, 15 11 396 402, 
14 1 0 43, 4 3 51 71, 15 14 71 92, 6 7 102 119, 18 13 120 146, 15 7 146 193, 18 5 193 210, 4 10 240 273, 17 20 282 287, 14 7 325 354, 7 13 354 372, 6 20 372 396, 
8 17 50 84, 6 6 84 102, 17 2 102 115, 4 7 130 150, 8 15 150 186, 7 21 186 214, 13 13 214 230, 8 13 230 274, 6 18 280 306, 14 13 309 316, 18 17 316 348, 18 11 348 396, 
17 1 0 44, 16 18 44 62, 13 1 62 103, 16 1 126 167, 15 1 193 211, 17 7 240 259, 18 10 266 293, 6 9 306 321, 17 22 321 338, 
9 1 0 21, 4 2 21 51, 14 9 51 61, 4 15 106 130, 6 17 196 240, 7 10 259 264, 15 2 264 305, 6 19 321 336, 
9 7 107 112, 5 16 149 163, 17 6 194 240, 9 3 308 328, 7 18 372 398, 
14 12 61 90, 16 20 97 112, 16 21 112 126, 6 15 152 165, 9 10 220 230, 5 11 235 276, 5 13 302 320, 13 16 328 341, 8 14 341 372, 8 16 372 400, 
9 14 65 107, 18 9 107 120, 14 10 190 215, 9 11 267 287, 4 12 344 373, 
