15 13 199 208, 17 11 208 232, 15 15 232 274, 18 4 308 321, 16 5 321 346, 17 19 357 363, 8 11 411 426, 
4 1 0 18, 9 13 21 65, 13 18 65 109, 17 9 151 180, 15 5 187 199, 7 19 199 230, 7 11 230 277, 17 18 277 292, 17 17 315 357, 15 9 357 375, 
18 7 0 44, 5 2 44 78, 14 4 78 96, 7 7 96 118, 18 1 179 187, 14 8 187 195, 5 17 195 216, 16 3 219 252, 4 9 253 258, 8 20 258 303, 17 14 303 315, 9 4 319 332, 8 7 336 371, 
5 1 0 29, 6 1 44 77, 8 1 77 127, 18 16 129 147, 14 5 147 156, 14 6 156 183, 9 16 219 261, 16 4 261 301, 9 20 301 319, 5 9 319 356, 13 15 356 360, 14 11 360 402, 
6 16 13 44, 18 12 44 75, 6 3 96 110, 5 15 110 134, 7 8 134 143, 9 15 143 157, 4 4 158 166, 6 4 225 242, 15 6 274 317, 18 6 338 384, 
17 13 0 33, 4 13 33 54, 6 2 77 96, 15 3 96 113, 6 5 113 146, 7 9 146 170, 13 12 170 208, 4 8 208 253, 13 14 253 266, 7 20 307 325, 9 5 332 337, 9 6 337 366, 8 8 371 387, 9 12 387 428, 
7 1 0 12, 4 16 78 101, 15 12 113 158, 15 4 158 166, 9 2 166 187, 16 2 187 219, 7 17 325 345, 4 11 345 381, 5 18 381 415, 6 14 415 425, 
13 17 0 15, 5 14 29 40, 6 8 277 315, 15 8 317 345, 17 12 363 380, 15 11 380 386, 
14 1 0 43, 15 7 43 90, 18 13 90 116, 17 8 121 138, 4 3 138 158, 15 14 166 187, 6 7 260 277, 4 10 277 310, 18 5 321 338, 6 20 345 369, 17 20 380 385, 8 9 387 411, 
8 17 0 34, 18 17 147 179, 4 7 179 199, 6 18 199 225, 13 13 225 241, 6 6 242 260, 18 11 260 308, 7 21 371 399, 14 13 402 409, 
16 18 0 18, 15 1 18 36, 16 1 36 77, 17 1 77 121, 13 1 121 162, 18 10 187 214, 8 19 230 246, 5 6 246 274, 7 14 277 297, 6 9 315 330, 17 22 385 402, 
9 1 0 21, 4 15 54 78, 4 2 101 131, 6 17 146 190, 7 10 190 195, 8 3 195 230, 14 9 230 240, 6 19 330 345, 
9 7 65 70, 5 16 134 148, 5 5 216 224, 8 6 303 336, 7 18 345 371, 
6 15 0 13, 16 20 77 92, 16 21 92 106, 5 4 164 189, 9 10 189 199, 14 12 265 294, 7 16 297 307, 13 16 360 373, 
9 14 70 112, 18 9 116 129, 17 10 138 151, 5 3 151 164, 8 2 164 185, 9 11 199 219, 14 10 240 265, 9 17 265 285, 4 12 381 410, 
