18 4 99 112, 14 2 149 159, 15 13 189 198, 17 19 203 209, 17 11 209 233, 15 15 274 316, 
4 1 0 18, 7 19 18 49, 17 18 49 64, 17 9 161 190, 9 13 213 257, 7 11 257 304, 13 18 323 367, 17 17 381 423, 
18 1 0 8, 5 2 68 102, 7 7 102 124, 18 7 124 168, 8 12 170 213, 8 20 213 258, 5 17 258 279, 4 9 287 292, 9 4 299 312, 14 8 312 320, 17 14 333 345, 
5 1 0 29, 9 16 29 71, 6 1 71 104, 8 1 104 154, 9 20 169 187, 14 11 188 230, 14 3 237 245, 14 5 245 254, 14 6 254 281, 16 15 283 289, 18 16 301 319, 13 15 319 323, 5 9 329 366, 
6 16 13 44, 5 15 44 68, 18 12 68 99, 4 4 113 121, 16 7 121 126, 16 8 126 142, 7 8 183 192, 18 6 224 270, 9 15 312 326, 15 6 357 400, 6 3 400 414, 6 4 414 431, 
4 13 48 69, 7 20 69 87, 16 6 87 92, 6 5 104 137, 13 12 137 175, 6 2 199 218, 7 9 218 242, 4 8 242 287, 13 14 287 300, 17 13 300 333, 9 5 356 361, 9 6 361 390, 9 12 390 431, 
7 1 0 12, 4 16 121 144, 15 12 144 189, 9 2 192 213, 4 11 325 361, 7 17 361 381, 6 14 381 391, 5 18 391 425, 
13 17 0 15, 5 14 29 40, 15 11 97 103, 17 12 233 250, 16 11 253 283, 6 8 283 321, 
15 7 0 47, 14 1 47 90, 4 3 93 113, 17 8 144 161, 18 5 168 185, 18 13 185 211, 6 7 218 235, 15 14 235 256, 4 10 292 325, 6 20 325 349, 17 20 349 354, 16 16 354 359, 
8 17 0 34, 6 6 137 155, 7 21 155 183, 4 7 183 203, 13 13 203 219, 16 9 219 228, 14 13 230 237, 6 18 237 263, 8 15 263 299, 8 13 299 343, 18 17 343 375, 18 11 375 423, 
16 1 0 41, 16 18 41 59, 13 1 59 100, 17 1 100 144, 8 19 154 170, 16 10 242 253, 15 1 256 274, 18 10 274 301, 5 6 301 329, 7 14 329 349, 6 9 349 364, 17 22 364 381, 
4 2 18 48, 4 15 69 93, 9 1 93 114, 14 9 114 124, 6 17 155 199, 7 10 242 247, 6 19 263 278, 15 2 316 357, 
5 16 115 129, 9 7 187 192, 5 5 279 287, 16 17 359 378, 7 18 381 407, 
6 15 0 13, 15 10 47 97, 16 20 97 112, 5 4 129 154, 14 12 159 188, 16 21 228 242, 9 10 326 336, 7 16 349 359, 8 14 359 390, 13 16 390 403, 8 16 403 431, 
5 3 102 115, 14 10 124 149, 9 17 149 169, 17 10 190 203, 18 9 211 224, 9 14 257 299, 9 11 336 356, 4 12 361 390, 
