15 13 57 66, 15 15 92 134, 18 4 180 193, 7 12 266 293, 17 19 293 299, 16 5 359 384, 
4 1 0 18, 9 13 21 65, 7 19 65 96, 17 18 115 130, 17 17 152 194, 9 18 194 204, 9 19 204 213, 7 11 219 266, 15 9 304 322, 13 18 329 373, 
7 7 12 34, 18 7 34 78, 16 19 78 97, 8 12 97 140, 17 14 140 152, 14 4 152 170, 18 1 172 180, 16 3 205 238, 4 9 259 264, 8 20 274 319, 5 17 319 340, 14 8 348 356, 
8 1 0 50, 6 1 50 83, 5 1 83 112, 9 16 112 154, 18 16 154 172, 5 10 172 201, 9 20 213 231, 14 11 231 273, 13 15 273 277, 14 5 310 319, 16 4 319 359, 
18 12 0 31, 4 4 98 106, 5 15 112 136, 7 8 136 145, 9 15 154 168, 6 16 168 199, 18 6 210 256, 6 3 263 277, 6 4 333 350, 15 6 350 393, 
6 5 0 33, 17 13 44 77, 4 13 77 98, 7 20 98 116, 6 2 133 152, 13 12 152 190, 7 9 190 214, 4 8 214 259, 13 14 259 272, 5 12 272 298, 9 6 298 327, 9 12 327 368, 
7 1 0 12, 15 12 12 57, 4 16 150 173, 16 2 173 205, 8 18 214 229, 9 2 251 272, 4 11 297 333, 6 14 350 360, 5 18 360 394, 
5 14 0 11, 6 10 119 133, 15 8 211 239, 17 12 259 276, 13 17 277 292, 15 11 393 399, 
14 1 0 43, 4 3 51 71, 15 14 71 92, 6 7 102 119, 18 13 120 146, 15 7 146 193, 18 5 193 210, 4 10 264 297, 17 20 299 304, 14 7 319 348, 7 13 348 366, 6 20 366 390, 
8 17 50 84, 6 6 84 102, 17 2 102 115, 4 7 130 150, 7 21 150 178, 8 15 178 214, 13 13 214 230, 8 13 230 274, 6 18 277 303, 14 13 303 310, 18 17 310 342, 18 11 342 390, 
17 1 0 44, 16 18 44 62, 13 1 62 103, 16 1 126 167, 15 1 193 211, 17 7 240 259, 18 10 259 286, 6 9 303 318, 17 22 318 335, 
9 1 0 21, 4 2 21 51, 14 9 51 61, 4 15 106 130, 7 10 214 219, 6 17 219 263, 15 2 263 304, 6 19 318 333, 
9 7 107 112, 5 16 136 150, 17 6 194 240, 9 3 272 292, 7 18 366 392, 
14 12 61 90, 16 20 97 112, 16 21 112 126, 6 15 152 165, 9 10 168 178, 5 11 201 242, 5 13 298 316, 13 16 316 329, 8 14 329 360, 8 16 360 388, 
9 14 65 107, 18 9 107 120, 14 10 170 195, 9 11 231 251, 4 12 333 362, 
