15 13 57 66, 15 15 92 134, 18 4 171 184, 17 19 276 282, 7 12 311 338, 16 5 364 389, 
4 1 0 18, 9 13 21 65, 7 19 65 96, 17 18 115 130, 17 17 152 194, 9 18 229 239, 9 19 239 248, 7 11 264 311, 15 9 311 329, 13 18 340 384, 
7 7 12 34, 18 7 34 78, 16 19 78 97, 8 12 97 140, 17 14 140 152, 18 1 163 171, 14 4 171 189, 4 9 235 240, 16 3 240 273, 8 20 274 319, 5 17 319 340, 14 8 353 361, 
8 1 0 50, 6 1 50 83, 5 1 83 112, 18 16 145 163, 9 16 163 205, 5 10 205 234, 9 20 248 266, 14 11 266 308, 13 15 308 312, 14 5 315 324, 16 4 324 364, 
18 12 0 31, 4 4 98 106, 7 8 116 125, 5 15 125 149, 6 16 165 196, 9 15 205 219, 18 6 219 265, 6 3 265 279, 6 4 335 352, 15 6 352 395, 
6 5 0 33, 17 13 44 77, 4 13 77 98, 7 20 98 116, 6 2 133 152, 13 12 152 190, 4 8 190 235, 7 9 235 259, 13 14 259 272, 5 12 275 301, 9 6 327 356, 9 12 356 397, 
7 1 0 12, 15 12 12 57, 4 16 150 173, 8 18 186 201, 16 2 201 233, 9 2 286 307, 4 11 307 343, 6 14 352 362, 5 18 362 396, 
5 14 0 11, 6 10 119 133, 15 8 210 238, 17 12 259 276, 13 17 312 327, 15 11 395 401, 
14 1 0 43, 4 3 51 71, 15 14 71 92, 6 7 102 119, 18 13 119 145, 15 7 145 192, 18 5 192 209, 4 10 240 273, 17 20 282 287, 14 7 324 353, 7 13 353 371, 6 20 371 395, 
8 17 50 84, 6 6 84 102, 17 2 102 115, 4 7 130 150, 8 15 150 186, 7 21 186 214, 13 13 214 230, 8 13 230 274, 6 18 279 305, 14 13 308 315, 18 17 315 347, 18 11 347 395, 
17 1 0 44, 16 18 44 62, 13 1 62 103, 16 1 126 167, 15 1 192 210, 17 7 240 259, 18 10 265 292, 6 9 305 320, 17 22 320 337, 
9 1 0 21, 4 2 21 51, 14 9 51 61, 4 15 106 130, 6 17 196 240, 7 10 259 264, 15 2 264 305, 6 19 320 335, 
9 7 133 138, 5 16 149 163, 17 6 194 240, 9 3 307 327, 7 18 371 397, 
14 12 61 90, 16 20 97 112, 16 21 112 126, 6 15 152 165, 9 10 219 229, 5 11 234 275, 5 13 301 319, 13 16 327 340, 8 14 340 371, 8 16 371 399, 
18 9 78 91, 9 14 91 133, 14 10 189 214, 9 11 266 286, 4 12 343 372, 
