15 13 175 184, 18 4 184 197, 15 15 205 247, 17 19 271 277, 7 12 340 367, 16 5 367 392, 
4 1 0 18, 17 18 18 33, 7 19 64 95, 13 18 95 139, 9 18 166 176, 9 13 176 220, 9 19 220 229, 17 17 229 271, 15 9 275 293, 7 11 293 340, 
7 7 12 34, 8 12 50 93, 16 19 93 112, 14 4 112 130, 17 14 131 143, 18 1 172 180, 18 7 197 241, 14 8 241 249, 4 9 249 254, 16 3 254 287, 8 20 309 354, 5 17 354 375, 
8 1 0 50, 6 1 50 83, 9 16 83 125, 5 1 125 154, 18 16 154 172, 5 10 172 201, 14 5 201 210, 9 20 229 247, 14 11 249 291, 16 4 291 331, 13 15 331 335, 
18 12 0 31, 5 15 31 55, 7 8 55 64, 4 4 169 177, 6 3 189 203, 6 16 203 234, 6 4 234 251, 18 6 271 317, 9 15 323 337, 15 6 361 404, 
6 5 0 33, 4 13 33 54, 17 13 54 87, 7 20 95 113, 6 2 113 132, 7 9 132 156, 13 12 156 194, 4 8 201 246, 9 6 252 281, 13 14 281 294, 5 12 294 320, 9 12 368 409, 
7 1 0 12, 15 12 12 57, 9 2 125 146, 4 16 146 169, 16 2 200 232, 8 18 294 309, 4 11 309 345, 5 18 375 409, 6 14 409 419, 
5 14 0 11, 13 17 59 74, 15 8 247 275, 15 11 293 299, 6 10 361 375, 17 12 383 400, 
18 13 31 57, 14 1 57 100, 4 3 108 128, 15 7 128 175, 15 14 184 205, 14 7 210 239, 18 5 241 258, 4 10 258 291, 6 20 320 344, 6 7 344 361, 7 13 367 385, 17 20 400 405, 
6 6 83 101, 8 15 101 137, 8 13 137 181, 4 7 181 201, 7 21 201 229, 8 17 229 263, 13 13 263 279, 6 18 279 305, 17 2 305 318, 14 13 318 325, 18 17 344 376, 18 11 376 424, 
16 18 0 18, 13 1 18 59, 17 1 87 131, 16 1 159 200, 15 1 299 317, 18 10 317 344, 17 7 364 383, 6 9 383 398, 17 22 405 422, 
14 9 0 10, 9 1 10 31, 4 15 54 78, 4 2 78 108, 6 17 145 189, 7 10 229 234, 6 19 305 320, 15 2 320 361, 
5 16 55 69, 9 3 146 166, 9 7 247 252, 17 6 318 364, 7 18 385 411, 
14 12 10 39, 16 20 112 127, 6 15 132 145, 16 21 145 159, 5 11 201 242, 8 14 263 294, 5 13 320 338, 9 10 338 348, 8 16 354 382, 13 16 382 395, 
14 10 130 155, 18 9 258 271, 9 14 281 323, 9 11 348 368, 4 12 368 397, 
