18 4 39 52, 14 2 128 138, 17 19 172 178, 15 13 191 200, 17 11 200 224, 15 15 274 316, 16 5 406 431, 
4 1 0 18, 7 19 18 49, 17 18 49 64, 17 9 130 159, 9 13 212 256, 7 11 292 339, 13 18 339 383, 17 17 383 425, 
18 1 0 8, 18 7 52 96, 5 2 106 140, 7 7 140 162, 8 12 170 213, 8 20 213 258, 5 17 258 279, 4 9 279 284, 14 8 284 292, 9 4 298 311, 16 3 311 344, 17 14 344 356, 
9 16 0 42, 5 1 42 71, 6 1 71 104, 8 1 104 154, 9 20 154 172, 14 11 172 214, 14 3 233 241, 14 5 241 250, 14 6 250 277, 18 16 301 319, 13 15 319 323, 5 9 329 366, 16 4 366 406, 
18 12 8 39, 6 16 39 70, 5 15 82 106, 4 4 113 121, 7 8 190 199, 18 6 199 245, 9 15 311 325, 15 6 357 400, 6 3 403 417, 6 4 417 434, 
4 13 48 69, 7 20 69 87, 6 5 104 137, 13 12 137 175, 6 2 199 218, 4 8 218 263, 7 9 263 287, 13 14 287 300, 17 13 300 333, 9 5 355 360, 9 6 360 389, 9 12 389 430, 
7 1 0 12, 4 16 121 144, 15 12 146 191, 9 2 191 212, 16 2 223 255, 4 11 317 353, 7 17 369 389, 6 14 393 403, 5 18 403 437, 
13 17 0 15, 5 14 71 82, 15 11 140 146, 17 12 224 241, 6 8 276 314, 
14 1 0 43, 15 7 43 90, 4 3 93 113, 17 8 113 130, 18 5 130 147, 18 13 147 173, 6 7 218 235, 15 14 235 256, 4 10 284 317, 6 20 317 341, 17 20 356 361, 
8 17 0 34, 6 6 137 155, 7 21 162 190, 4 7 190 210, 13 13 210 226, 14 13 226 233, 6 18 235 261, 8 15 261 297, 8 13 297 341, 18 17 341 373, 18 11 373 421, 
16 18 0 18, 13 1 18 59, 17 1 64 108, 16 1 108 149, 8 19 154 170, 15 1 256 274, 18 10 274 301, 5 6 301 329, 7 14 339 359, 17 22 361 378, 6 9 378 393, 
4 2 18 48, 9 1 48 69, 4 15 69 93, 14 9 93 103, 6 17 155 199, 6 19 261 276, 7 10 287 292, 15 2 316 357, 
5 16 153 167, 9 7 172 177, 5 5 279 287, 7 18 389 415, 
6 15 0 13, 15 10 90 140, 14 12 140 169, 5 4 169 194, 16 20 194 209, 16 21 209 223, 9 10 325 335, 7 16 359 369, 8 14 369 400, 8 16 400 428, 13 16 428 441, 
9 17 69 89, 14 10 103 128, 5 3 140 153, 17 10 159 172, 18 9 173 186, 9 14 256 298, 9 11 335 355, 4 12 355 384, 
