15 13 57 66, 15 15 89 131, 18 4 171 184, 17 19 298 304, 7 12 311 338, 16 5 376 401, 
4 1 0 18, 7 19 34 65, 9 13 69 113, 17 18 115 130, 17 17 158 200, 9 18 229 239, 9 19 239 248, 7 11 264 311, 15 9 322 340, 13 18 365 409, 
7 7 12 34, 18 7 34 78, 8 12 84 127, 16 19 127 146, 17 14 146 158, 18 1 163 171, 14 4 171 189, 4 9 235 240, 8 20 258 303, 16 3 303 336, 5 17 352 373, 14 8 385 393, 
8 1 0 50, 6 1 50 83, 5 1 83 112, 18 16 145 163, 9 16 163 205, 5 10 205 234, 9 20 248 266, 14 11 266 308, 13 15 308 312, 14 5 315 324, 16 4 336 376, 
18 12 0 31, 4 4 98 106, 5 15 112 136, 7 8 136 145, 6 16 165 196, 9 15 205 219, 18 6 219 265, 6 3 265 279, 6 4 337 354, 15 6 354 397, 
6 5 0 33, 17 13 44 77, 4 13 77 98, 7 20 98 116, 6 2 133 152, 13 12 152 190, 4 8 190 235, 7 9 235 259, 13 14 274 287, 5 12 287 313, 9 6 327 356, 9 12 356 397, 
7 1 0 12, 15 12 12 57, 4 16 150 173, 8 18 186 201, 16 2 235 267, 9 2 286 307, 4 11 307 343, 6 14 354 364, 5 18 373 407, 
5 14 0 11, 6 10 119 133, 15 8 253 281, 17 12 281 298, 13 17 312 327, 15 11 397 403, 
14 1 0 43, 4 3 48 68, 15 14 68 89, 6 7 102 119, 18 13 119 145, 15 7 145 192, 18 5 192 209, 4 10 240 273, 17 20 304 309, 7 13 338 356, 14 7 356 385, 6 20 385 409, 
8 17 50 84, 6 6 84 102, 17 2 102 115, 4 7 130 150, 8 15 150 186, 7 21 186 214, 8 13 214 258, 13 13 258 274, 6 18 279 305, 14 13 308 315, 18 17 315 347, 18 11 347 395, 
17 1 0 44, 13 1 44 85, 16 18 85 103, 16 1 194 235, 15 1 235 253, 17 7 253 272, 18 10 272 299, 6 9 305 320, 17 22 320 337, 
4 2 18 48, 9 1 48 69, 14 9 69 79, 4 15 106 130, 6 17 196 240, 7 10 259 264, 15 2 281 322, 6 19 322 337, 
5 16 136 150, 9 7 155 160, 17 6 200 246, 9 3 307 327, 7 18 356 382, 
14 12 79 108, 6 15 152 165, 16 20 165 180, 16 21 180 194, 9 10 219 229, 5 11 234 275, 8 14 303 334, 5 13 334 352, 13 16 352 365, 8 16 365 393, 
18 9 78 91, 9 14 113 155, 14 10 189 214, 9 11 266 286, 4 12 343 372, 
