14 2 43 53, 15 13 63 72, 15 15 117 159, 17 16 223 228, 18 4 228 241, 17 19 241 247, 7 12 325 352, 16 14 358 375, 17 11 377 401, 
4 1 0 18, 9 13 18 62, 7 19 62 93, 13 18 93 137, 17 18 137 152, 7 11 175 222, 17 17 284 326, 15 5 326 338, 17 9 348 377, 9 18 380 390, 9 19 390 399, 
5 2 62 96, 7 7 96 118, 18 1 118 126, 8 12 127 170, 18 7 170 214, 4 9 274 279, 5 17 306 327, 8 20 327 372, 14 8 385 393, 
6 1 0 33, 5 1 33 62, 8 1 62 112, 14 3 112 120, 18 16 126 144, 5 7 152 176, 14 11 176 218, 9 16 218 260, 14 5 260 269, 5 9 269 306, 13 15 310 314, 16 13 314 358, 14 6 358 385, 16 15 385 391, 9 20 399 417, 
18 12 0 31, 4 4 68 76, 7 8 118 127, 5 15 128 152, 9 15 152 166, 6 3 166 180, 6 16 238 269, 6 4 269 286, 18 6 286 332, 15 6 338 381, 
17 13 0 33, 6 5 46 79, 15 3 79 96, 16 6 104 109, 6 2 109 128, 7 9 128 152, 7 20 152 170, 4 8 170 215, 13 12 215 253, 4 13 253 274, 13 14 297 310, 9 6 310 339, 9 12 339 380, 
15 12 0 45, 7 1 45 57, 8 18 112 127, 15 4 206 214, 9 2 260 281, 6 14 301 311, 4 11 336 372, 5 18 372 406, 4 16 406 429, 
17 15 33 40, 13 17 41 56, 5 14 117 128, 6 10 180 194, 15 11 295 301, 17 12 401 418, 
14 1 0 43, 4 3 48 68, 18 13 68 94, 15 14 96 117, 6 7 128 145, 15 7 159 206, 17 8 206 223, 18 5 241 258, 4 10 279 312, 17 20 326 331, 7 13 352 370, 16 16 391 396, 6 20 405 429, 
8 17 0 34, 6 6 79 97, 4 7 97 117, 8 13 170 214, 14 13 218 225, 8 15 245 281, 13 13 281 297, 7 21 297 325, 18 17 332 364, 6 18 364 390, 18 11 391 439, 
13 1 0 41, 15 1 45 63, 16 1 63 104, 16 18 133 151, 17 1 152 196, 6 9 286 301, 17 22 331 348, 18 10 364 391, 
4 2 18 48, 14 9 53 63, 9 1 104 125, 7 10 170 175, 6 17 194 238, 4 15 312 336, 6 19 390 405, 
9 7 166 171, 5 8 176 205, 5 16 205 219, 9 3 281 301, 7 18 370 396, 16 17 396 415, 
6 15 33 46, 14 12 63 92, 16 12 109 133, 16 20 151 166, 9 10 171 181, 16 21 181 195, 8 14 214 245, 15 10 245 295, 13 16 314 327, 8 16 372 400, 
9 14 62 104, 5 3 104 117, 14 10 120 145, 9 11 181 201, 18 9 258 271, 17 10 271 284, 4 12 372 401, 
