18 4 99 112, 14 2 128 138, 17 19 174 180, 15 13 189 198, 17 11 198 222, 15 15 262 304, 
4 1 0 18, 7 19 18 49, 17 18 49 64, 15 9 75 93, 17 9 130 159, 9 13 210 254, 7 11 254 301, 15 5 329 341, 13 18 341 385, 17 17 388 430, 
18 1 0 8, 5 2 68 102, 7 7 102 124, 18 7 124 168, 8 12 170 213, 8 20 213 258, 5 17 258 279, 14 8 279 287, 4 9 287 292, 9 4 296 309, 17 14 354 366, 
5 1 0 29, 9 16 29 71, 6 1 71 104, 8 1 104 154, 9 20 154 172, 14 11 172 214, 14 3 226 234, 14 5 234 243, 14 6 243 270, 16 15 292 298, 13 15 300 304, 18 16 304 322, 5 9 349 386, 
6 16 13 44, 5 15 44 68, 18 12 68 99, 16 7 107 112, 4 4 113 121, 16 8 121 137, 7 8 183 192, 18 6 224 270, 9 15 309 323, 15 6 341 384, 6 3 395 409, 6 4 409 426, 
4 13 48 69, 7 20 69 87, 16 6 87 92, 6 5 104 137, 13 12 149 187, 6 2 199 218, 7 9 218 242, 4 8 242 287, 13 14 287 300, 15 3 304 321, 17 13 321 354, 9 5 354 359, 9 6 359 388, 9 12 388 429, 
7 1 0 12, 4 16 121 144, 15 12 144 189, 9 2 189 210, 15 4 321 329, 4 11 329 365, 7 17 365 385, 6 14 385 395, 5 18 395 429, 
13 17 0 15, 5 14 29 40, 15 8 47 75, 17 12 222 239, 15 11 256 262, 16 11 262 292, 6 8 292 330, 
15 7 0 47, 14 1 47 90, 4 3 93 113, 17 8 113 130, 18 5 168 185, 18 13 185 211, 6 7 218 235, 15 14 235 256, 4 10 292 325, 16 16 325 330, 6 20 330 354, 17 20 366 371, 
8 17 0 34, 6 6 137 155, 7 21 155 183, 4 7 183 203, 13 13 203 219, 14 13 219 226, 16 9 226 235, 6 18 235 261, 8 15 261 297, 8 13 297 341, 18 17 341 373, 18 11 373 421, 
16 1 0 41, 16 18 41 59, 17 1 64 108, 13 1 108 149, 8 19 154 170, 15 1 198 216, 16 10 249 260, 18 10 270 297, 7 14 301 321, 5 6 321 349, 6 9 354 369, 17 22 371 388, 
4 2 18 48, 4 15 69 93, 14 9 93 103, 9 1 103 124, 6 17 155 199, 7 10 242 247, 6 19 261 276, 
9 7 172 177, 5 16 177 191, 5 5 279 287, 16 17 330 349, 7 18 385 411, 
6 15 0 13, 16 20 92 107, 14 12 138 167, 5 4 191 216, 16 21 235 249, 9 10 323 333, 7 16 333 343, 8 14 343 374, 8 16 374 402, 13 16 402 415, 
14 10 103 128, 9 17 128 148, 5 3 148 161, 17 10 161 174, 18 9 211 224, 9 14 254 296, 9 11 333 353, 4 12 365 394, 
