15 13 57 66, 15 15 92 134, 18 4 180 193, 17 19 276 282, 7 12 317 344, 16 5 352 377, 
4 1 0 18, 9 13 21 65, 7 19 65 96, 17 18 115 130, 17 17 152 194, 9 18 194 204, 9 19 204 213, 7 11 270 317, 15 9 317 335, 13 18 335 379, 
7 7 12 34, 18 7 34 78, 16 19 78 97, 8 12 97 140, 17 14 140 152, 14 4 152 170, 18 1 172 180, 4 9 241 246, 16 3 256 289, 8 20 289 334, 5 17 334 355, 14 8 355 363, 
8 1 0 50, 6 1 50 83, 5 1 83 112, 9 16 112 154, 18 16 154 172, 5 10 172 201, 9 20 213 231, 14 11 231 273, 13 15 278 282, 14 5 303 312, 16 4 312 352, 
18 12 0 31, 4 4 98 106, 7 8 116 125, 5 15 125 149, 9 15 154 168, 6 16 168 199, 18 6 210 256, 6 3 256 270, 6 4 326 343, 15 6 343 386, 
6 5 0 33, 17 13 44 77, 4 13 77 98, 7 20 98 116, 6 2 133 152, 13 12 152 190, 4 8 196 241, 7 9 241 265, 13 14 265 278, 5 12 278 304, 9 6 304 333, 9 12 333 374, 
7 1 0 12, 15 12 12 57, 4 16 173 196, 8 18 209 224, 16 2 224 256, 9 2 256 277, 4 11 279 315, 6 14 343 353, 5 18 355 389, 
5 14 0 11, 6 10 119 133, 15 8 211 239, 17 12 259 276, 13 17 282 297, 15 11 386 392, 
14 1 0 43, 4 3 51 71, 15 14 71 92, 6 7 102 119, 18 13 120 146, 15 7 146 193, 18 5 193 210, 4 10 246 279, 17 20 282 287, 14 7 312 341, 7 13 344 362, 6 20 362 386, 
8 17 50 84, 6 6 84 102, 17 2 102 115, 7 21 125 153, 4 7 153 173, 8 15 173 209, 13 13 209 225, 8 13 225 269, 6 18 270 296, 14 13 296 303, 18 17 303 335, 18 11 335 383, 
17 1 0 44, 16 18 44 62, 13 1 62 103, 16 1 126 167, 15 1 193 211, 17 7 240 259, 18 10 259 286, 6 9 296 311, 17 22 311 328, 
9 1 0 21, 4 2 21 51, 14 9 51 61, 4 15 106 130, 6 17 199 243, 7 10 265 270, 15 2 270 311, 6 19 311 326, 
9 7 107 112, 5 16 149 163, 17 6 194 240, 9 3 277 297, 7 18 362 388, 
14 12 61 90, 16 20 97 112, 16 21 112 126, 6 15 152 165, 9 10 168 178, 5 11 201 242, 5 13 304 322, 13 16 322 335, 8 14 335 366, 8 16 366 394, 
9 14 65 107, 18 9 107 120, 14 10 170 195, 9 11 231 251, 4 12 315 344, 
