14 2 43 53, 15 13 63 72, 15 15 117 159, 18 4 214 227, 17 16 227 232, 17 19 232 238, 16 14 307 324, 7 12 325 352, 17 11 381 405, 
4 1 0 18, 9 13 18 62, 7 19 62 93, 17 18 93 108, 13 18 108 152, 7 11 241 288, 17 17 288 330, 15 5 330 342, 17 9 352 381, 9 18 387 397, 9 19 397 406, 
5 2 62 96, 7 7 96 118, 18 1 118 126, 8 12 127 170, 18 7 170 214, 4 9 218 223, 8 20 281 326, 5 17 353 374, 14 8 386 394, 
6 1 0 33, 5 1 33 62, 8 1 62 112, 14 3 112 120, 18 16 126 144, 5 7 144 168, 14 11 176 218, 9 16 221 263, 16 13 263 307, 14 5 307 316, 5 9 316 353, 16 15 353 359, 14 6 359 386, 13 15 386 390, 9 20 406 424, 
18 12 0 31, 4 4 68 76, 5 15 120 144, 7 8 144 153, 6 3 153 167, 9 15 172 186, 6 16 225 256, 18 6 257 303, 6 4 303 320, 15 6 342 385, 
17 13 0 33, 6 5 46 79, 15 3 79 96, 16 6 104 109, 6 2 109 128, 4 8 128 173, 7 9 173 197, 4 13 197 218, 7 20 218 236, 13 12 236 274, 9 6 304 333, 13 14 333 346, 9 12 346 387, 
15 12 0 45, 7 1 45 57, 8 18 112 127, 15 4 206 214, 9 2 263 284, 4 11 301 337, 6 14 337 347, 5 18 374 408, 4 16 408 431, 
17 15 33 40, 13 17 41 56, 5 14 109 120, 6 10 167 181, 15 11 295 301, 17 12 405 422, 
14 1 0 43, 4 3 48 68, 18 13 68 94, 15 14 96 117, 6 7 128 145, 15 7 159 206, 17 8 206 223, 18 5 227 244, 4 10 244 277, 17 20 330 335, 16 16 359 364, 7 13 364 382, 6 20 398 422, 
8 17 0 34, 6 6 79 97, 4 7 97 117, 8 13 170 214, 14 13 218 225, 8 15 245 281, 13 13 281 297, 7 21 297 325, 18 17 325 357, 6 18 357 383, 18 11 384 432, 
13 1 0 41, 15 1 45 63, 16 1 63 104, 16 18 133 151, 17 1 151 195, 6 9 320 335, 17 22 335 352, 18 10 357 384, 
4 2 18 48, 14 9 53 63, 9 1 151 172, 6 17 181 225, 7 10 236 241, 4 15 277 301, 6 19 383 398, 
9 7 186 191, 5 8 191 220, 5 16 220 234, 9 3 284 304, 16 17 364 383, 7 18 383 409, 
6 15 33 46, 14 12 63 92, 16 12 109 133, 16 20 151 166, 16 21 166 180, 9 10 191 201, 8 14 214 245, 15 10 245 295, 8 16 326 354, 13 16 390 403, 
5 3 96 109, 9 14 109 151, 14 10 151 176, 9 11 201 221, 18 9 244 257, 17 10 257 270, 4 12 337 366, 
