18 4 151 164, 15 13 175 184, 15 15 205 247, 17 19 271 277, 7 12 340 367, 16 5 367 392, 
17 18 0 15, 4 1 15 33, 7 19 64 95, 13 18 95 139, 9 18 166 176, 9 13 176 220, 9 19 220 229, 17 17 229 271, 15 9 275 293, 7 11 293 340, 
7 7 12 34, 8 12 50 93, 16 19 93 112, 14 4 112 130, 17 14 131 143, 18 1 143 151, 18 7 164 208, 4 9 246 251, 14 8 254 262, 16 3 262 295, 8 20 309 354, 5 17 354 375, 
8 1 0 50, 6 1 50 83, 9 16 83 125, 18 16 125 143, 5 1 143 172, 5 10 172 201, 14 5 201 210, 9 20 229 247, 14 11 262 304, 16 4 304 344, 13 15 344 348, 
18 12 0 31, 5 15 31 55, 7 8 55 64, 4 4 169 177, 6 3 177 191, 6 16 191 222, 6 4 222 239, 18 6 239 285, 9 15 323 337, 15 6 371 414, 
6 5 0 33, 4 13 33 54, 17 13 54 87, 6 2 101 120, 7 20 120 138, 7 9 138 162, 13 12 162 200, 4 8 201 246, 9 6 252 281, 5 12 281 307, 13 14 318 331, 9 12 367 408, 
7 1 0 12, 15 12 12 57, 9 2 125 146, 4 16 146 169, 16 2 203 235, 8 18 294 309, 4 11 309 345, 5 18 375 409, 6 14 409 419, 
5 14 0 11, 13 17 59 74, 15 8 247 275, 15 11 293 299, 6 10 345 359, 17 12 367 384, 
18 13 31 57, 14 1 57 100, 4 3 108 128, 15 7 128 175, 15 14 184 205, 18 5 208 225, 14 7 225 254, 4 10 254 287, 6 20 304 328, 6 7 328 345, 7 13 367 385, 17 20 385 390, 
6 6 83 101, 8 15 101 137, 8 13 137 181, 4 7 181 201, 7 21 201 229, 8 17 229 263, 6 18 263 289, 17 2 289 302, 13 13 302 318, 18 17 318 350, 14 13 350 357, 18 11 357 405, 
16 18 0 18, 13 1 18 59, 17 1 87 131, 16 1 162 203, 18 10 285 312, 15 1 312 330, 17 7 348 367, 6 9 367 382, 17 22 390 407, 
14 9 0 10, 9 1 10 31, 4 15 54 78, 4 2 78 108, 6 17 133 177, 7 10 229 234, 6 19 289 304, 15 2 330 371, 
5 16 55 69, 9 3 146 166, 9 7 247 252, 17 6 302 348, 7 18 385 411, 
14 12 10 39, 6 15 120 133, 16 20 133 148, 16 21 148 162, 5 11 201 242, 8 14 263 294, 5 13 307 325, 9 10 337 347, 8 16 354 382, 13 16 382 395, 
14 10 130 155, 18 9 225 238, 9 14 281 323, 9 11 347 367, 4 12 367 396, 
