18 4 39 52, 14 2 128 138, 15 13 148 157, 17 19 172 178, 17 11 178 202, 15 15 212 254, 16 5 378 403, 
4 1 0 18, 7 19 18 49, 17 18 49 64, 17 9 130 159, 9 13 198 242, 7 11 260 307, 13 18 307 351, 17 17 394 436, 
18 1 0 8, 18 7 52 96, 5 2 106 140, 7 7 140 162, 8 12 170 213, 8 20 213 258, 5 17 258 279, 9 4 284 297, 4 9 300 305, 16 3 305 338, 17 14 338 350, 14 8 350 358, 
9 16 0 42, 5 1 42 71, 6 1 71 104, 8 1 104 154, 9 20 154 172, 14 11 172 214, 14 3 233 241, 14 5 241 250, 13 15 250 254, 18 16 272 290, 14 6 290 317, 16 4 338 378, 5 9 378 415, 
18 12 8 39, 6 16 39 70, 5 15 82 106, 4 4 113 121, 7 8 190 199, 18 6 199 245, 9 15 297 311, 15 6 317 360, 6 3 387 401, 6 4 401 418, 
4 13 48 69, 7 20 69 87, 6 5 104 137, 13 12 149 187, 6 2 199 218, 13 14 218 231, 7 9 231 255, 4 8 255 300, 17 13 300 333, 9 5 341 346, 9 6 346 375, 9 12 375 416, 
7 1 0 12, 15 12 103 148, 4 16 148 171, 9 2 177 198, 16 2 198 230, 4 11 338 374, 6 14 377 387, 7 17 387 407, 5 18 415 449, 
13 17 0 15, 5 14 71 82, 15 11 97 103, 17 12 202 219, 6 8 276 314, 
15 7 0 47, 14 1 47 90, 4 3 93 113, 17 8 113 130, 18 5 130 147, 18 13 147 173, 15 14 173 194, 6 7 218 235, 4 10 305 338, 6 20 338 362, 17 20 362 367, 
8 17 0 34, 6 6 137 155, 7 21 162 190, 13 13 190 206, 4 7 206 226, 14 13 226 233, 6 18 235 261, 8 15 261 297, 18 17 297 329, 8 13 329 373, 18 11 373 421, 
16 18 0 18, 16 1 18 59, 17 1 64 108, 13 1 108 149, 8 19 154 170, 15 1 194 212, 18 10 245 272, 7 14 307 327, 5 6 327 355, 6 9 362 377, 17 22 377 394, 
4 2 18 48, 9 1 48 69, 4 15 69 93, 14 9 93 103, 6 17 155 199, 7 10 255 260, 6 19 261 276, 15 2 276 317, 
5 16 153 167, 9 7 172 177, 5 5 279 287, 7 18 407 433, 
6 15 0 13, 15 10 47 97, 16 20 97 112, 16 21 112 126, 14 12 138 167, 5 4 167 192, 9 10 311 321, 7 16 327 337, 13 16 351 364, 8 14 373 404, 8 16 404 432, 
9 17 69 89, 14 10 103 128, 5 3 140 153, 17 10 159 172, 18 9 173 186, 9 14 242 284, 9 11 321 341, 4 12 374 403, 
