15 13 57 66, 15 15 89 131, 18 4 171 184, 17 19 287 293, 7 12 327 354, 16 5 374 399, 
4 1 0 18, 7 19 34 65, 9 13 69 113, 17 18 115 130, 17 17 158 200, 9 18 229 239, 9 19 239 248, 7 11 280 327, 15 9 327 345, 13 18 363 407, 
7 7 12 34, 18 7 34 78, 8 12 84 127, 16 19 127 146, 17 14 146 158, 18 1 163 171, 14 4 171 189, 4 9 251 256, 8 20 256 301, 16 3 301 334, 5 17 350 371, 14 8 371 379, 
8 1 0 50, 6 1 50 83, 5 1 83 112, 18 16 145 163, 9 16 163 205, 5 10 205 234, 9 20 248 266, 14 11 266 308, 13 15 308 312, 14 5 315 324, 16 4 334 374, 
18 12 0 31, 4 4 98 106, 5 15 112 136, 7 8 136 145, 6 16 165 196, 9 15 205 219, 18 6 219 265, 6 3 265 279, 6 4 336 353, 15 6 353 396, 
6 5 0 33, 17 13 44 77, 4 13 77 98, 7 20 98 116, 6 2 133 152, 13 12 152 190, 4 8 206 251, 7 9 251 275, 13 14 275 288, 5 12 288 314, 9 6 327 356, 9 12 356 397, 
7 1 0 12, 15 12 12 57, 8 18 163 178, 4 16 183 206, 16 2 251 283, 9 2 286 307, 4 11 307 343, 6 14 353 363, 5 18 371 405, 
5 14 0 11, 6 10 119 133, 15 8 210 238, 17 12 270 287, 13 17 312 327, 15 11 396 402, 
14 1 0 43, 4 3 48 68, 15 14 68 89, 6 7 102 119, 18 13 119 145, 15 7 145 192, 18 5 192 209, 4 10 256 289, 17 20 293 298, 14 7 324 353, 7 13 354 372, 6 20 372 396, 
8 17 50 84, 6 6 84 102, 17 2 102 115, 8 15 127 163, 4 7 163 183, 7 21 183 211, 8 13 211 255, 13 13 255 271, 6 18 279 305, 14 13 308 315, 18 17 315 347, 18 11 347 395, 
17 1 0 44, 13 1 44 85, 16 18 85 103, 15 1 192 210, 16 1 210 251, 17 7 251 270, 18 10 270 297, 6 9 305 320, 17 22 320 337, 
4 2 18 48, 9 1 48 69, 14 9 69 79, 4 15 106 130, 6 17 196 240, 7 10 275 280, 15 2 280 321, 6 19 321 336, 
5 16 136 150, 9 7 155 160, 17 6 200 246, 9 3 307 327, 7 18 372 398, 
14 12 79 108, 6 15 152 165, 16 20 165 180, 16 21 180 194, 9 10 219 229, 5 11 234 275, 8 14 301 332, 5 13 332 350, 13 16 350 363, 8 16 363 391, 
18 9 78 91, 9 14 113 155, 14 10 189 214, 9 11 266 286, 4 12 343 372, 
