14 2 90 100, 18 4 108 121, 17 19 174 180, 15 13 189 198, 17 11 198 222, 15 15 262 304, 
4 1 0 18, 17 18 18 33, 15 9 75 93, 7 19 101 132, 17 9 132 161, 9 13 210 254, 7 11 254 301, 15 5 329 341, 13 18 341 385, 17 17 385 427, 
18 1 0 8, 7 7 12 34, 5 2 68 102, 18 7 121 165, 8 12 170 213, 8 20 213 258, 4 9 263 268, 5 17 268 289, 9 4 296 309, 17 14 309 321, 14 8 321 329, 
5 1 0 29, 9 16 29 71, 6 1 71 104, 8 1 104 154, 9 20 154 172, 14 3 172 180, 14 5 180 189, 14 11 214 256, 14 6 285 312, 16 15 312 318, 18 16 318 336, 13 15 336 340, 5 9 349 386, 
6 16 13 44, 5 15 44 68, 7 8 68 77, 18 12 77 108, 4 4 113 121, 16 7 175 180, 16 8 180 196, 18 6 227 273, 9 15 309 323, 15 6 341 384, 6 3 395 409, 6 4 409 426, 
4 13 48 69, 7 9 77 101, 6 5 104 137, 7 20 137 155, 16 6 155 160, 13 12 160 198, 6 2 199 218, 4 8 218 263, 17 13 263 296, 15 3 304 321, 13 14 321 334, 9 5 353 358, 9 6 358 387, 9 12 387 428, 
7 1 0 12, 4 16 121 144, 15 12 144 189, 9 2 189 210, 15 4 321 329, 4 11 329 365, 7 17 365 385, 6 14 385 395, 5 18 395 429, 
13 17 0 15, 5 14 29 40, 15 8 47 75, 17 12 222 239, 15 11 256 262, 16 11 262 292, 6 8 292 330, 
15 7 0 47, 14 1 47 90, 4 3 93 113, 17 8 113 130, 18 5 165 182, 18 13 182 208, 6 7 218 235, 15 14 235 256, 4 10 268 301, 17 20 321 326, 6 20 330 354, 16 16 354 359, 
8 17 0 34, 6 6 137 155, 7 21 155 183, 4 7 183 203, 16 9 203 212, 13 13 212 228, 6 18 235 261, 8 15 261 297, 8 13 297 341, 18 17 341 373, 18 11 373 421, 14 13 421 428, 
16 1 0 41, 17 1 41 85, 16 18 85 103, 13 1 103 144, 8 19 154 170, 15 1 198 216, 16 10 226 237, 18 10 273 300, 7 14 301 321, 5 6 321 349, 17 22 349 366, 6 9 366 381, 
4 2 18 48, 4 15 69 93, 9 1 93 114, 14 9 114 124, 7 10 132 137, 6 17 155 199, 6 19 261 276, 
5 16 147 161, 9 7 172 177, 5 5 289 297, 16 17 359 378, 7 18 385 411, 
6 15 0 13, 16 20 160 175, 5 4 175 200, 16 21 212 226, 14 12 256 285, 9 10 323 333, 7 16 333 343, 8 14 343 374, 13 16 385 398, 8 16 398 426, 
9 17 114 134, 5 3 134 147, 17 10 161 174, 14 10 189 214, 18 9 214 227, 9 14 254 296, 9 11 333 353, 4 12 365 394, 
