18 4 8 21, 18 15 95 111, 17 19 185 191, 15 13 254 263, 15 15 263 305, 17 11 305 329, 8 11 356 371, 
4 1 0 18, 9 13 21 65, 18 14 84 95, 13 18 95 139, 7 19 139 170, 17 18 170 185, 8 5 194 212, 17 9 213 242, 15 5 242 254, 7 11 254 301, 17 17 358 400, 15 9 400 418, 
18 1 0 8, 7 7 12 34, 14 4 43 61, 5 2 61 95, 16 19 95 114, 18 7 114 158, 14 8 163 171, 5 17 186 207, 4 9 224 229, 8 20 236 281, 8 7 281 316, 9 4 318 331, 17 14 346 358, 
5 1 0 29, 6 1 44 77, 8 1 77 127, 14 5 127 136, 14 6 136 163, 8 4 183 194, 18 16 194 212, 9 16 216 258, 5 9 258 295, 13 15 295 299, 9 20 300 318, 14 11 318 360, 16 15 360 366, 
6 16 13 44, 7 8 44 53, 18 12 53 84, 5 15 95 119, 6 3 119 133, 9 15 133 147, 4 4 151 159, 16 7 210 215, 16 8 215 231, 6 4 253 270, 15 6 305 348, 18 6 376 422, 
17 13 0 33, 4 13 33 54, 7 9 54 78, 6 2 78 97, 15 3 97 114, 6 5 133 166, 16 6 170 175, 4 8 179 224, 13 12 224 262, 13 14 278 291, 8 8 316 332, 7 20 332 350, 9 5 350 355, 9 6 355 384, 9 12 384 425, 
7 1 0 12, 4 16 78 101, 9 2 147 168, 15 12 168 213, 15 4 213 221, 8 18 221 236, 4 11 275 311, 5 18 311 345, 7 17 350 370, 6 14 405 415, 
13 17 0 15, 5 14 29 40, 16 11 281 311, 6 8 313 351, 15 8 351 379, 17 12 400 417, 15 11 418 424, 
14 1 0 43, 15 7 43 90, 4 3 131 151, 17 8 191 208, 17 20 208 213, 15 14 221 242, 4 10 242 275, 18 5 275 292, 6 7 296 313, 8 9 332 356, 16 16 366 371, 6 20 381 405, 
8 17 0 34, 4 7 159 179, 6 18 227 253, 16 9 253 262, 13 13 262 278, 6 6 278 296, 18 11 296 344, 18 17 344 376, 14 13 376 383, 7 21 396 424, 
16 18 0 18, 15 1 18 36, 13 1 36 77, 17 1 77 121, 16 1 129 170, 5 6 215 243, 18 10 243 270, 16 10 270 281, 7 14 301 321, 17 22 329 346, 6 9 351 366, 
9 1 0 21, 4 15 54 78, 7 10 78 83, 4 2 101 131, 8 3 148 183, 6 17 183 227, 14 9 227 237, 6 19 366 381, 
9 7 65 70, 5 16 119 133, 18 8 158 168, 5 5 207 215, 7 18 370 396, 16 17 396 415, 
6 15 0 13, 16 20 114 129, 5 4 161 186, 9 10 186 196, 16 21 196 210, 14 12 280 309, 7 16 321 331, 13 16 331 344, 
9 14 70 112, 8 2 127 148, 5 3 148 161, 9 11 196 216, 17 10 242 255, 14 10 255 280, 9 17 280 300, 4 12 311 340, 
