14 2 43 53, 15 13 63 72, 15 15 115 157, 17 16 221 226, 18 4 226 239, 17 19 239 245, 16 14 328 345, 7 12 345 372, 17 11 395 419, 
4 1 0 18, 9 13 18 62, 7 19 62 93, 17 18 93 108, 13 18 135 179, 7 11 255 302, 17 17 302 344, 15 5 344 356, 17 9 366 395, 9 18 399 409, 9 19 409 418, 
5 2 62 96, 7 7 96 118, 18 1 118 126, 8 12 127 170, 4 9 170 175, 18 7 175 219, 8 20 281 326, 5 17 388 409, 14 8 419 427, 
6 1 0 33, 5 1 33 62, 8 1 62 112, 14 3 112 120, 18 16 126 144, 5 7 144 168, 14 11 176 218, 9 16 233 275, 14 5 275 284, 16 13 284 328, 16 15 345 351, 5 9 351 388, 13 15 388 392, 14 6 392 419, 9 20 419 437, 
18 12 0 31, 4 4 68 76, 5 15 120 144, 6 16 144 175, 7 8 175 184, 9 15 184 198, 6 3 247 261, 6 4 261 278, 18 6 278 324, 15 6 356 399, 
17 13 0 33, 6 2 33 52, 16 6 52 57, 15 3 72 89, 4 8 96 141, 4 13 141 162, 6 5 175 208, 7 9 208 232, 7 20 232 250, 13 12 250 288, 9 6 316 345, 13 14 345 358, 9 12 358 399, 
15 12 0 45, 7 1 45 57, 8 18 112 127, 15 4 204 212, 9 2 275 296, 4 11 321 357, 6 14 357 367, 4 16 386 409, 5 18 409 443, 
17 15 33 40, 5 14 109 120, 13 17 120 135, 15 11 295 301, 6 10 316 330, 17 12 419 436, 
14 1 0 43, 4 3 48 68, 18 13 68 94, 15 14 94 115, 15 7 157 204, 17 8 204 221, 6 20 223 247, 18 5 247 264, 4 10 264 297, 6 7 299 316, 17 20 344 349, 16 16 351 356, 7 13 372 390, 
8 17 0 34, 4 7 76 96, 6 18 109 135, 8 13 170 214, 14 13 218 225, 8 15 245 281, 6 6 281 299, 13 13 299 315, 7 21 315 343, 18 17 343 375, 18 11 402 450, 
16 1 0 41, 15 1 45 63, 13 1 63 104, 17 1 108 152, 16 18 152 170, 6 9 330 345, 17 22 349 366, 18 10 375 402, 
4 2 18 48, 14 9 53 63, 6 17 65 109, 9 1 151 172, 6 19 208 223, 7 10 250 255, 4 15 297 321, 
5 8 168 197, 9 7 198 203, 5 16 203 217, 9 3 296 316, 16 17 356 375, 7 18 390 416, 
6 15 52 65, 14 12 65 94, 16 12 94 118, 16 20 170 185, 16 21 185 199, 9 10 203 213, 8 14 214 245, 15 10 245 295, 8 16 326 354, 13 16 392 405, 
5 3 96 109, 9 14 109 151, 14 10 151 176, 9 11 213 233, 17 10 245 258, 18 9 264 277, 4 12 357 386, 
