18 4 8 21, 15 13 87 96, 15 15 230 272, 7 12 273 300, 17 11 308 332, 16 5 332 357, 
4 1 0 18, 7 19 34 65, 9 13 65 109, 17 18 109 124, 7 11 149 196, 17 9 209 238, 17 17 251 293, 15 9 313 331, 13 18 331 375, 
18 1 0 8, 7 7 12 34, 18 7 52 96, 8 12 96 139, 14 4 139 157, 17 14 180 192, 4 9 192 197, 16 3 197 230, 14 8 230 238, 17 21 293 308, 5 17 308 329, 8 20 332 377, 
8 1 0 50, 6 1 51 84, 5 1 90 119, 5 10 119 148, 14 5 157 166, 14 6 166 193, 9 16 200 242, 16 4 242 282, 18 16 282 300, 13 15 313 317, 14 11 317 359, 9 20 361 379, 
18 12 21 52, 5 15 52 76, 7 8 76 85, 4 4 92 100, 6 3 120 134, 9 15 156 170, 6 4 170 187, 6 16 187 218, 18 6 218 264, 15 6 331 374, 
6 5 0 33, 17 13 33 66, 4 13 71 92, 6 2 101 120, 7 9 120 144, 4 8 144 189, 13 12 189 227, 7 20 227 245, 5 12 245 271, 9 6 271 300, 13 14 300 313, 9 12 320 361, 
7 1 0 12, 9 2 21 42, 15 12 42 87, 16 2 87 119, 4 16 197 220, 4 11 263 299, 8 18 317 332, 6 14 343 353, 5 18 353 387, 
5 14 0 11, 15 8 148 176, 13 17 243 258, 6 10 299 313, 17 12 349 366, 15 11 374 380, 
14 1 0 43, 4 3 51 71, 6 7 84 101, 15 7 101 148, 18 5 148 165, 18 13 165 191, 17 8 192 209, 15 14 209 230, 4 10 230 263, 7 13 300 318, 6 20 353 377, 
6 6 33 51, 8 17 51 85, 4 14 100 118, 4 7 118 138, 8 15 139 175, 8 13 175 219, 13 13 227 243, 7 21 245 273, 6 18 273 299, 18 11 300 348, 18 17 348 380, 14 13 380 387, 
16 1 0 41, 13 1 41 82, 18 10 109 136, 17 1 136 180, 15 1 180 198, 16 18 282 300, 6 9 313 328, 17 22 332 349, 
9 1 0 21, 4 2 21 51, 14 9 51 61, 7 10 144 149, 6 17 218 262, 15 2 272 313, 6 19 328 343, 
5 16 76 90, 9 7 151 156, 9 3 242 262, 7 18 318 344, 
14 12 61 90, 6 15 134 147, 9 10 170 180, 5 11 180 221, 8 14 221 252, 5 13 271 289, 8 16 289 317, 13 16 317 330, 16 20 357 372, 16 21 372 386, 
18 9 96 109, 9 14 109 151, 9 11 180 200, 17 10 238 251, 14 10 251 276, 9 17 300 320, 4 12 320 349, 
