14 2 83 93, 18 4 99 112, 17 19 172 178, 15 13 191 200, 17 11 200 224, 15 15 274 316, 
4 1 0 18, 7 19 18 49, 17 18 49 64, 17 9 130 159, 9 13 212 256, 7 11 256 303, 13 18 304 348, 17 17 377 419, 
18 1 0 8, 5 2 68 102, 7 7 102 124, 18 7 124 168, 8 12 170 213, 8 20 213 258, 5 17 258 279, 14 8 279 287, 4 9 287 292, 9 4 298 311, 17 14 333 345, 
5 1 0 29, 9 16 29 71, 6 1 71 104, 8 1 104 154, 9 20 154 172, 14 11 172 214, 14 3 226 234, 14 5 234 243, 14 6 243 270, 13 15 300 304, 18 16 312 330, 16 15 330 336, 5 9 360 397, 
6 16 13 44, 5 15 44 68, 18 12 68 99, 4 4 113 121, 7 8 183 192, 16 7 192 197, 16 8 197 213, 18 6 224 270, 9 15 311 325, 15 6 357 400, 6 3 402 416, 6 4 416 433, 
4 13 48 69, 7 20 69 87, 16 6 87 92, 6 5 104 137, 13 12 149 187, 6 2 199 218, 7 9 218 242, 4 8 242 287, 13 14 287 300, 17 13 300 333, 9 5 355 360, 9 6 360 389, 9 12 389 430, 
7 1 0 12, 4 16 121 144, 15 12 146 191, 9 2 191 212, 4 11 325 361, 7 17 361 381, 6 14 392 402, 5 18 402 436, 
13 17 0 15, 5 14 29 40, 15 11 140 146, 17 12 224 241, 16 11 285 315, 6 8 315 353, 
14 1 0 43, 15 7 43 90, 4 3 93 113, 17 8 113 130, 18 5 168 185, 18 13 185 211, 6 7 218 235, 15 14 235 256, 4 10 292 325, 16 16 336 341, 17 20 345 350, 6 20 353 377, 
8 17 0 34, 6 6 137 155, 7 21 155 183, 4 7 183 203, 13 13 203 219, 14 13 219 226, 16 9 226 235, 6 18 235 261, 8 15 261 297, 8 13 297 341, 18 17 341 373, 18 11 373 421, 
16 1 0 41, 16 18 41 59, 17 1 64 108, 13 1 108 149, 8 19 154 170, 15 1 256 274, 16 10 274 285, 18 10 285 312, 7 14 312 332, 5 6 332 360, 17 22 360 377, 6 9 377 392, 
4 2 18 48, 14 9 48 58, 4 15 69 93, 9 1 93 114, 6 17 155 199, 7 10 242 247, 6 19 261 276, 15 2 316 357, 
5 16 115 129, 9 7 172 177, 5 5 279 287, 16 17 341 360, 7 18 381 407, 
6 15 0 13, 15 10 90 140, 14 12 140 169, 16 20 169 184, 5 4 184 209, 16 21 235 249, 9 10 325 335, 7 16 335 345, 13 16 348 361, 8 14 361 392, 8 16 392 420, 
14 10 58 83, 5 3 102 115, 9 17 115 135, 17 10 159 172, 18 9 211 224, 9 14 256 298, 9 11 335 355, 4 12 361 390, 
