15 13 207 216, 15 15 291 333, 
4 1 0 18, 15 5 71 83, 13 18 148 192, 15 9 333 351, 
5 2 78 112, 5 17 112 133, 14 4 172 190, 4 9 237 242, 14 8 271 279, 
5 1 35 64, 6 1 90 123, 14 11 123 165, 14 5 190 199, 5 9 207 244, 14 6 244 271, 13 15 271 275, 
5 15 11 35, 15 6 83 126, 4 4 141 149, 6 16 151 182, 6 3 226 240, 6 4 240 257, 
6 5 13 46, 15 3 46 63, 4 13 73 94, 13 12 94 132, 6 2 132 151, 4 8 192 237, 13 14 237 250, 
15 4 63 71, 4 16 118 141, 15 12 141 186, 5 18 244 278, 4 11 296 332, 6 14 351 361, 
5 14 0 11, 13 17 59 74, 15 8 263 291, 6 10 298 312, 15 11 351 357, 
14 1 10 53, 4 3 53 73, 6 7 73 90, 15 14 186 207, 15 7 216 263, 4 10 263 296, 6 20 312 336, 
6 6 46 64, 13 13 132 148, 14 13 165 172, 4 7 172 192, 6 18 257 283, 
15 1 0 18, 13 1 18 59, 5 6 179 207, 6 9 336 351, 
14 9 0 10, 4 2 18 48, 4 15 94 118, 6 17 182 226, 6 19 283 298, 
5 16 64 78, 5 5 171 179, 
6 15 0 13, 14 12 78 107, 5 4 146 171, 13 16 275 288, 
14 10 53 78, 5 3 133 146, 4 12 332 361, 
