15 13 45 54, 15 15 185 227, 
4 1 0 18, 13 18 61 105, 13 7 164 191, 13 8 191 231, 15 5 263 275, 15 9 318 336, 
5 2 78 112, 5 17 112 133, 13 4 133 138, 14 4 156 174, 4 9 186 191, 14 8 276 284, 
5 1 35 64, 6 1 81 114, 14 11 114 156, 14 5 181 190, 5 9 207 244, 
5 15 11 35, 4 4 113 121, 6 16 133 164, 6 3 208 222, 6 4 222 239, 15 6 275 318, 
6 5 13 46, 4 13 48 69, 15 3 72 89, 6 2 114 133, 4 8 141 186, 
15 12 0 45, 13 2 56 61, 13 3 105 117, 4 16 191 214, 15 4 227 235, 4 11 247 283, 5 18 283 317, 6 14 333 343, 
5 14 0 11, 13 17 41 56, 15 8 235 263, 6 10 280 294, 15 11 336 342, 
14 1 10 53, 6 7 64 81, 4 3 93 113, 15 7 113 160, 13 6 160 164, 15 14 164 185, 4 10 214 247, 14 7 247 276, 6 20 294 318, 
6 6 46 64, 4 7 121 141, 14 13 174 181, 6 18 239 265, 13 11 265 312, 
13 1 0 41, 15 1 54 72, 5 6 179 207, 6 9 318 333, 
14 9 0 10, 4 2 18 48, 4 15 69 93, 6 17 164 208, 6 19 265 280, 
5 16 64 78, 5 5 171 179, 
6 15 0 13, 14 12 53 82, 5 4 146 171, 
14 10 82 107, 5 3 133 146, 4 12 283 312, 
