15 13 45 54, 15 15 197 239, 
13 18 61 105, 4 1 108 126, 13 7 142 169, 13 8 169 209, 15 5 275 287, 15 9 330 348, 
5 2 78 112, 5 17 112 133, 13 4 133 138, 14 4 156 174, 14 8 226 234, 4 9 249 254, 
5 1 35 64, 6 1 81 114, 14 11 114 156, 14 5 181 190, 5 9 207 244, 
5 15 11 35, 6 16 133 164, 4 4 176 184, 6 3 208 222, 6 4 222 239, 15 6 287 330, 
6 5 13 46, 4 13 46 67, 15 3 72 89, 6 2 114 133, 4 8 204 249, 
15 12 0 45, 13 2 56 61, 4 16 85 108, 13 3 108 120, 15 4 239 247, 5 18 247 281, 4 11 287 323, 6 14 333 343, 
5 14 0 11, 13 17 41 56, 15 8 247 275, 6 10 280 294, 15 11 348 354, 
14 1 10 53, 6 7 64 81, 15 7 89 136, 13 6 138 142, 4 3 156 176, 15 14 176 197, 14 7 197 226, 4 10 254 287, 6 20 294 318, 
6 6 46 64, 4 14 67 85, 14 13 174 181, 4 7 184 204, 6 18 239 265, 13 11 265 312, 
13 1 0 41, 15 1 54 72, 5 6 179 207, 6 9 318 333, 
14 9 0 10, 4 2 126 156, 6 17 164 208, 6 19 265 280, 
5 16 64 78, 5 5 171 179, 
6 15 0 13, 14 12 53 82, 5 4 146 171, 
14 10 82 107, 5 3 133 146, 4 12 323 352, 
