14 2 100 110, 15 13 207 216, 15 15 248 290, 
4 1 21 39, 13 18 56 100, 13 7 133 160, 13 8 160 200, 15 9 216 234, 15 5 290 302, 
4 5 39 68, 4 9 190 195, 5 17 253 274, 14 8 327 335, 
6 1 0 33, 5 1 33 62, 4 6 68 101, 5 10 101 130, 14 3 130 138, 14 5 138 147, 14 11 249 291, 
6 3 85 99, 5 15 130 154, 6 4 156 173, 6 16 272 303, 15 6 303 346, 
4 13 0 21, 6 2 33 52, 6 5 52 85, 4 8 145 190, 15 3 190 207, 5 12 209 235, 
15 12 47 92, 13 2 100 105, 15 4 240 248, 4 11 248 284, 5 18 284 318, 6 14 318 328, 4 16 328 351, 
13 17 0 15, 5 14 15 26, 13 5 105 129, 15 8 129 157, 15 11 234 240, 6 10 243 257, 
15 7 0 47, 14 1 47 90, 15 14 92 113, 13 6 129 133, 6 7 139 156, 4 10 195 228, 14 7 298 327, 6 20 328 352, 
4 7 101 121, 6 6 121 139, 6 18 217 243, 13 11 243 290, 14 13 291 298, 
13 1 15 56, 15 1 157 175, 6 9 257 272, 
14 9 90 100, 4 15 121 145, 6 17 173 217, 6 19 303 318, 
5 16 195 209, 
6 15 99 112, 5 11 154 195, 14 12 195 224, 5 13 235 253, 
14 10 224 249, 4 12 284 313, 
