13 10 184 196, 15 13 207 216, 15 15 291 333, 
4 1 0 18, 15 5 43 55, 13 18 59 103, 13 7 136 163, 15 9 333 351, 
5 2 93 127, 5 17 127 148, 14 4 185 203, 4 9 214 219, 14 8 286 294, 
5 1 50 79, 6 1 103 136, 14 11 136 178, 14 5 203 212, 5 9 222 259, 14 6 259 286, 
5 15 26 50, 15 6 55 98, 4 4 141 149, 6 16 155 186, 6 3 230 244, 6 4 244 261, 
15 3 18 35, 6 5 35 68, 4 13 73 94, 6 2 136 155, 4 8 169 214, 
15 4 35 43, 13 2 103 108, 4 16 118 141, 15 12 141 186, 5 18 259 293, 4 11 296 332, 6 14 355 365, 
13 17 0 15, 5 14 15 26, 13 5 108 132, 15 8 263 291, 6 10 302 316, 15 11 351 357, 
14 1 10 53, 4 3 53 73, 6 7 86 103, 13 6 132 136, 13 9 163 184, 15 14 186 207, 15 7 216 263, 4 10 263 296, 6 20 316 340, 
6 6 68 86, 4 7 149 169, 14 13 178 185, 13 11 196 243, 6 18 261 287, 
15 1 0 18, 13 1 18 59, 5 6 194 222, 6 9 340 355, 
14 9 0 10, 4 2 18 48, 4 15 94 118, 6 17 186 230, 6 19 287 302, 
5 16 79 93, 5 5 186 194, 
6 15 0 13, 14 12 78 107, 5 4 161 186, 
14 10 53 78, 5 3 148 161, 4 12 332 361, 
