14 2 46 56, 6 19 188 206, 15 15 228 270, 
4 1 0 18, 13 18 18 62, 14 8 146 155, 5 17 246 273, 
14 1 0 46, 4 5 46 75, 14 6 117 146, 15 14 166 188, 6 6 231 251, 13 15 251 257, 
6 16 16 49, 14 3 56 64, 14 5 64 73, 5 10 73 102, 6 1 126 159, 13 12 159 203, 14 11 203 245, 15 6 293 341, 
5 15 13 37, 5 1 37 73, 4 6 75 114, 6 3 294 308, 
6 5 49 82, 4 13 114 135, 4 8 155 200, 15 3 200 217, 15 13 217 228, 6 2 275 294, 
15 12 0 45, 15 4 270 278, 4 11 278 314, 
13 17 0 15, 5 16 102 121, 15 11 142 148, 6 4 354 374, 
15 7 45 92, 5 12 183 221, 4 10 237 270, 4 16 345 370, 
4 7 135 155, 14 12 245 276, 14 13 276 283, 6 14 340 354, 
15 1 148 166, 6 20 206 231, 6 9 325 340, 
5 14 0 13, 6 17 82 126, 13 13 203 221, 4 9 228 237, 
6 15 0 16, 13 1 62 112, 6 18 159 188, 13 14 221 235, 
15 10 92 142, 5 11 142 183, 4 14 200 228, 5 13 228 246, 13 16 257 270, 5 18 273 308, 4 12 314 345, 
14 9 73 92, 14 10 92 117, 6 7 251 275, 15 5 278 293, 6 10 308 325, 
