6 17 47 94, 13 6 95 100, 6 19 156 174, 15 1 174 194, 15 13 194 203, 15 15 226 268, 
4 1 0 18, 13 7 115 142, 6 6 174 198, 13 8 198 238, 5 14 257 271, 14 8 271 280, 
6 5 94 130, 15 14 142 164, 14 6 238 267, 4 9 271 276, 
13 1 0 47, 5 1 47 76, 14 5 158 167, 14 11 167 209, 6 1 254 287, 5 17 309 337, 
6 16 16 47, 14 9 90 108, 4 4 110 118, 5 10 118 153, 5 15 271 295, 15 6 295 338, 6 3 338 352, 6 4 376 393, 
4 13 48 69, 13 5 69 95, 14 4 133 158, 15 3 209 226, 4 8 226 271, 6 2 287 306, 
15 12 97 142, 5 12 200 232, 6 14 244 254, 15 4 268 276, 5 18 337 371, 
13 17 100 115, 15 11 203 209, 6 10 215 229, 
15 7 0 47, 14 1 47 90, 4 3 90 110, 4 16 142 167, 6 7 198 215, 4 10 276 309, 6 20 352 376, 
6 18 130 156, 4 7 167 187, 14 13 280 287, 13 11 341 388, 
6 9 229 244, 4 11 309 350, 
4 2 18 48, 4 15 118 142, 
6 15 0 16, 5 13 232 257, 5 16 295 309, 
15 10 47 97, 14 12 209 238, 
13 2 47 56, 14 10 108 133, 5 11 153 200, 15 5 276 291, 13 18 291 341, 4 12 350 379, 
