15 15 173 215, 
4 13 0 22, 4 1 22 40, 5 14 40 54, 
6 1 0 38, 14 1 38 84, 15 14 151 173, 5 15 202 229, 14 8 263 271, 4 9 272 277, 5 18 331 370, 
14 3 95 103, 14 5 103 112, 13 12 126 170, 14 6 236 263, 15 6 330 378, 
5 2 85 129, 6 16 183 214, 13 16 227 242, 6 3 309 323, 6 4 339 356, 
6 5 51 84, 6 2 102 121, 15 13 140 151, 13 15 222 227, 4 8 227 272, 
14 2 84 95, 15 12 95 140, 6 14 273 283, 4 11 310 346, 
13 17 0 15, 6 8 145 183, 15 8 233 261, 15 9 261 283, 5 16 283 302, 15 11 324 330, 
15 7 0 47, 4 16 64 89, 4 3 119 139, 14 10 158 186, 4 10 277 310, 
6 6 84 102, 5 7 144 172, 4 7 172 192, 13 13 192 208, 14 13 229 236, 6 18 283 309, 
5 1 54 85, 13 1 85 126, 5 3 129 144, 4 4 144 153, 5 8 172 202, 15 1 215 233, 6 9 258 273, 6 20 356 381, 
4 15 40 64, 4 2 89 119, 14 9 119 129, 6 17 214 258, 15 2 283 324, 6 19 324 339, 
13 14 208 222, 5 9 229 269, 
6 15 38 51, 14 12 129 158, 14 11 186 229, 5 17 302 331, 
13 18 15 65, 6 7 121 145, 4 12 346 375, 
