14 2 43 53, 15 13 161 170, 15 15 209 251, 
4 1 0 18, 13 18 56 100, 15 9 170 188, 
5 2 78 112, 5 17 112 133, 4 9 220 225, 14 8 301 309, 
6 1 0 33, 5 1 35 64, 14 3 88 96, 14 11 96 138, 14 5 207 216, 13 15 233 237, 5 9 237 274, 14 6 274 301, 
5 15 11 35, 4 4 124 132, 6 3 133 147, 6 16 147 178, 6 4 178 195, 15 6 300 343, 
6 5 33 66, 6 2 66 85, 4 13 85 106, 13 12 106 144, 4 8 175 220, 13 14 220 233, 
15 12 0 45, 4 16 152 175, 4 11 258 294, 5 18 294 328, 6 14 339 349, 
5 14 0 11, 13 17 41 56, 15 8 115 143, 6 10 239 253, 15 11 253 259, 
14 1 0 43, 4 3 48 68, 15 7 68 115, 6 7 116 133, 15 14 188 209, 4 10 225 258, 6 20 315 339, 
6 6 85 103, 4 14 106 124, 4 7 132 152, 13 13 152 168, 14 13 200 207, 6 18 268 294, 
13 1 0 41, 15 1 143 161, 5 6 179 207, 6 9 253 268, 
4 2 18 48, 14 9 53 63, 6 17 195 239, 15 2 259 300, 6 19 300 315, 
5 16 64 78, 5 5 171 179, 
6 15 103 116, 5 4 146 171, 14 12 171 200, 13 16 237 250, 
14 10 63 88, 5 3 133 146, 4 12 294 323, 
