14 2 43 53, 15 13 204 213, 15 15 213 255, 13 10 290 302, 
4 1 0 18, 13 18 120 164, 13 7 164 191, 15 5 263 275, 
4 5 18 47, 5 2 47 81, 5 17 130 151, 4 9 198 203, 14 8 216 224, 
5 1 0 29, 4 6 47 80, 14 3 80 88, 14 5 88 97, 6 1 121 154, 5 7 164 188, 14 6 189 216, 14 11 224 266, 5 9 266 303, 
6 16 13 44, 5 15 92 116, 6 3 288 302, 15 6 302 345, 6 4 347 364, 
6 5 44 77, 4 13 80 101, 4 8 121 166, 15 3 187 204, 6 2 269 288, 
15 12 0 45, 13 2 56 61, 15 4 255 263, 4 11 263 299, 5 18 303 337, 6 14 337 347, 4 16 347 370, 
13 17 0 15, 5 14 81 92, 13 5 92 116, 15 11 142 148, 6 10 302 316, 
14 1 0 43, 15 7 45 92, 13 6 116 120, 15 14 166 187, 6 20 195 219, 4 10 219 252, 6 7 252 269, 13 9 269 290, 
4 7 101 121, 6 18 154 180, 4 14 180 198, 6 6 219 237, 14 13 295 302, 13 11 302 349, 
13 1 15 56, 15 1 148 166, 6 9 316 331, 
6 17 77 121, 14 9 121 131, 6 19 180 195, 
5 16 116 130, 5 8 188 217, 
6 15 0 13, 15 10 92 142, 14 12 266 295, 
5 3 151 164, 14 10 164 189, 4 12 299 328, 
