14 2 43 53, 15 13 206 215, 15 15 258 300, 
4 1 39 57, 13 18 61 105, 15 5 194 206, 13 7 206 233, 13 8 233 273, 15 9 328 346, 
4 5 57 86, 5 2 123 157, 13 4 157 162, 5 17 184 205, 4 9 207 212, 14 8 337 345, 
6 1 0 33, 5 1 33 62, 14 3 62 70, 14 5 70 79, 14 6 79 106, 4 6 109 142, 5 7 205 229, 5 9 258 295, 14 11 295 337, 
6 3 85 99, 5 15 99 123, 6 4 147 164, 15 6 215 258, 6 16 263 294, 
4 13 0 21, 6 2 33 52, 6 5 52 85, 15 3 85 102, 4 8 162 207, 
15 12 0 45, 13 2 56 61, 4 16 86 109, 13 3 109 121, 15 4 121 129, 4 11 245 281, 6 14 309 319, 5 18 319 353, 
13 17 41 56, 5 14 62 73, 6 10 234 248, 15 8 300 328, 15 11 346 352, 
14 1 0 43, 15 14 45 66, 6 7 130 147, 15 7 147 194, 13 6 194 198, 4 10 212 245, 6 20 319 343, 
4 14 21 39, 6 6 112 130, 4 7 142 162, 6 18 208 234, 13 11 273 320, 14 13 345 352, 
13 1 0 41, 15 1 66 84, 6 9 248 263, 
14 9 106 116, 6 17 164 208, 6 19 294 309, 
5 16 157 171, 5 8 229 258, 
6 15 99 112, 14 12 116 145, 
14 10 145 170, 5 3 171 184, 4 12 281 310, 
