6 19 186 204, 15 1 234 254, 
6 15 0 14, 4 1 21 39, 4 6 68 104, 6 2 224 246, 13 8 246 286, 15 5 326 338, 
4 5 39 68, 13 1 68 114, 6 6 204 224, 4 9 224 229, 5 17 230 251, 6 7 270 291, 14 8 299 307, 
14 11 44 86, 6 16 117 150, 14 3 221 229, 14 5 229 238, 15 6 338 386, 
15 12 0 48, 5 10 48 83, 4 10 229 268, 6 3 291 305, 
4 13 0 21, 15 13 48 59, 6 5 84 117, 5 11 117 165, 4 8 165 210, 15 14 210 234, 15 3 254 271, 
13 2 164 169, 15 4 318 326, 4 16 338 361, 
13 17 0 15, 13 5 169 193, 6 4 305 325, 6 8 325 363, 
15 7 59 106, 14 1 131 174, 13 6 193 197, 6 20 246 270, 14 7 270 299, 
6 18 58 84, 4 7 104 124, 14 13 124 131, 13 7 197 230, 13 11 286 333, 5 18 333 373, 6 14 378 392, 
5 1 13 44, 6 1 150 186, 4 11 268 309, 6 9 363 378, 
5 14 0 13, 6 17 14 58, 4 15 124 148, 5 12 179 208, 14 2 208 221, 15 15 271 318, 
5 15 83 109, 5 16 165 179, 15 11 179 186, 
14 12 86 115, 15 10 115 165, 
14 9 0 19, 14 10 19 44, 13 18 114 164, 5 13 208 230, 4 12 309 338, 
