14 2 82 92, 15 13 204 213, 15 15 213 255, 
4 1 0 18, 13 18 73 117, 13 7 126 153, 13 8 153 193, 15 5 263 275, 
4 5 18 47, 5 2 47 81, 13 4 117 122, 5 17 130 151, 14 8 163 171, 4 9 198 203, 
5 1 0 29, 4 6 47 80, 14 3 92 100, 14 5 100 109, 6 1 121 154, 5 7 164 188, 14 11 188 230, 5 9 230 267, 
6 16 13 44, 5 15 92 116, 6 3 288 302, 15 6 302 345, 6 4 345 362, 
6 5 44 77, 4 13 80 101, 4 8 121 166, 15 3 187 204, 6 2 269 288, 
15 12 0 45, 13 2 56 61, 13 3 61 73, 15 4 255 263, 4 11 263 299, 5 18 299 333, 6 14 333 343, 4 16 343 366, 
13 17 41 56, 5 14 81 92, 15 11 142 148, 6 10 302 316, 
14 1 0 43, 15 7 45 92, 13 6 122 126, 14 7 134 163, 15 14 166 187, 6 20 195 219, 4 10 219 252, 6 7 252 269, 
4 7 101 121, 6 18 154 180, 4 14 180 198, 6 6 219 237, 14 13 237 244, 13 11 244 291, 
13 1 0 41, 15 1 148 166, 6 9 316 331, 
14 9 43 53, 6 17 77 121, 6 19 180 195, 
5 16 116 130, 5 8 188 217, 
6 15 0 13, 14 12 53 82, 15 10 92 142, 
14 10 109 134, 5 3 151 164, 4 12 299 328, 
