14 2 43 53, 15 13 267 276, 15 15 276 318, 
4 1 0 18, 13 18 116 160, 13 7 160 187, 13 8 187 227, 15 9 243 261, 
13 4 62 67, 5 17 209 230, 4 9 236 241, 14 8 339 347, 
6 1 33 66, 5 1 66 95, 5 10 95 124, 14 3 124 132, 14 5 132 141, 14 6 263 290, 14 11 290 332, 
5 15 11 35, 4 4 112 120, 6 3 120 134, 6 4 134 151, 6 16 151 182, 15 6 200 243, 
6 5 0 33, 4 13 48 69, 6 2 84 103, 5 12 165 191, 4 8 191 236, 
15 12 0 45, 13 2 45 50, 13 3 50 62, 4 16 158 181, 5 18 230 264, 4 11 276 312, 6 14 337 347, 
5 14 0 11, 13 17 67 82, 15 8 172 200, 6 10 243 257, 15 11 261 267, 
14 1 0 43, 15 7 45 92, 4 3 92 112, 13 6 112 116, 15 14 151 172, 6 7 226 243, 4 10 243 276, 6 20 313 337, 
6 6 66 84, 4 14 120 138, 4 7 138 158, 6 18 257 283, 13 11 283 330, 14 13 332 339, 
13 1 0 41, 15 1 92 110, 6 9 298 313, 
4 2 18 48, 15 2 110 151, 14 9 151 161, 6 17 182 226, 6 19 283 298, 
5 16 35 49, 
6 15 103 116, 5 11 124 165, 5 13 191 209, 14 12 209 238, 
14 10 238 263, 4 12 312 341, 
