15 13 131 140, 15 15 252 294, 
4 1 0 18, 13 18 137 181, 15 9 294 312, 
4 5 39 68, 14 4 193 211, 4 9 213 218, 14 8 247 255, 5 17 257 278, 
6 1 0 33, 5 1 33 62, 4 6 68 101, 5 10 101 130, 14 11 144 186, 14 5 211 220, 14 6 220 247, 13 15 252 256, 
5 15 62 86, 6 16 86 117, 6 3 168 182, 15 6 209 252, 6 4 257 274, 
4 13 18 39, 6 2 39 58, 13 12 58 96, 6 5 117 150, 4 8 168 213, 5 12 213 239, 13 14 239 252, 
15 12 47 92, 4 16 145 168, 4 11 251 287, 6 14 289 299, 5 18 299 333, 
5 14 0 11, 13 17 41 56, 15 8 140 168, 6 10 199 213, 15 11 312 318, 
15 7 0 47, 14 1 47 90, 15 14 92 113, 6 7 182 199, 4 10 218 251, 6 20 340 364, 
4 7 101 121, 13 13 121 137, 6 6 150 168, 14 13 186 193, 6 18 299 325, 
13 1 0 41, 15 1 113 131, 6 9 274 289, 
14 9 0 10, 4 15 121 145, 15 2 168 209, 6 17 213 257, 6 19 325 340, 
5 16 130 144, 
6 15 58 71, 14 12 115 144, 5 11 144 185, 5 13 239 257, 13 16 257 270, 
14 10 90 115, 4 12 287 316, 
