17 19 33 39, 12 14 122 127, 17 11 259 283, 15 13 292 301, 8 11 304 319, 17 16 340 345, 15 15 345 387, 
4 1 0 18, 17 18 18 33, 12 6 127 169, 8 5 212 230, 17 9 230 259, 17 17 345 387, 
12 8 0 18, 4 5 18 47, 12 13 47 69, 8 20 100 145, 4 9 213 218, 8 7 230 265, 
12 10 23 41, 8 1 50 100, 4 6 115 148, 8 4 201 212, 
15 6 106 149, 8 10 281 304, 12 3 317 322, 
12 9 18 23, 4 13 47 68, 4 8 168 213, 8 8 265 281, 17 13 300 333, 
4 16 92 115, 12 11 208 247, 15 12 247 292, 4 11 292 328, 
17 12 283 300, 15 11 301 307, 17 15 333 340, 1 8 340 387, 
15 7 59 106, 17 8 142 159, 12 15 169 208, 17 20 208 213, 4 10 218 251, 15 14 307 328, 
8 17 0 34, 4 7 148 168, 12 12 247 254, 
15 1 0 18, 8 19 34 50, 12 1 69 98, 17 1 98 142, 17 22 213 230, 1 7 265 304, 12 7 363 378, 
15 2 18 59, 4 15 68 92, 1 6 92 117, 8 3 166 201, 1 4 222 265, 12 4 322 363, 
1 5 28 58, 12 18 254 273, 
1 1 0 10, 15 10 149 199, 
1 2 10 28, 12 5 98 122, 8 2 145 166, 17 10 166 179, 1 3 179 222, 12 2 273 317, 4 12 328 357, 
