12 1 53 84, 1 7 217 257, 17 11 339 363, 
4 1 0 18, 12 13 20 46, 4 13 46 68, 17 18 68 83, 17 17 196 238, 15 9 268 286, 
8 20 185 230, 4 9 259 264, 
8 1 0 50, 12 10 174 192, 15 6 192 240, 17 12 363 384, 
12 3 128 133, 17 15 134 142, 17 8 255 273, 4 10 273 312, 
17 13 0 33, 17 19 127 134, 4 8 214 259, 15 13 293 304, 15 14 304 328, 
15 12 61 106, 4 16 144 167, 12 11 270 309, 4 11 312 348, 
4 2 86 124, 17 16 142 150, 15 8 240 268, 1 8 268 315, 12 7 377 396, 
1 1 0 13, 4 3 124 144, 15 7 144 191, 17 20 191 196, 12 15 309 348, 12 18 348 370, 
4 14 68 86, 8 17 86 120, 8 12 120 169, 4 7 194 214, 8 13 230 274, 8 15 274 310, 12 12 370 377, 
15 1 0 18, 17 1 83 127, 8 19 169 185, 4 4 185 194, 17 22 238 255, 
12 8 0 20, 1 6 104 129, 12 4 133 174, 1 4 174 217, 17 9 309 339, 15 15 339 386, 
15 2 18 61, 1 5 74 104, 12 6 216 261, 12 14 261 270, 15 11 286 293, 17 10 293 309, 8 14 310 342, 
12 9 46 53, 8 16 342 370, 
1 2 13 31, 1 3 31 74, 12 2 84 128, 12 5 192 216, 4 12 348 377, 
