15 13 45 54, 17 19 59 65, 15 15 128 170, 12 14 248 253, 17 11 320 344, 
4 1 0 18, 17 18 44 59, 17 9 115 144, 12 6 206 248, 17 17 248 290, 
12 8 0 18, 12 13 18 40, 8 12 91 134, 8 20 150 195, 17 14 195 207, 4 9 207 212, 
8 1 0 50, 12 10 164 182, 
12 3 118 123, 4 4 130 138, 15 6 332 375, 
4 13 18 39, 12 9 40 45, 17 13 82 115, 4 8 158 203, 
15 12 0 45, 4 16 107 130, 12 11 253 292, 4 11 292 328, 
15 11 285 291, 1 8 291 338, 17 12 344 361, 
17 8 65 82, 4 3 87 107, 15 14 107 128, 15 7 170 217, 17 20 217 222, 4 10 222 255, 12 15 292 331, 
4 14 39 57, 8 17 57 91, 4 7 138 158, 8 13 195 239, 8 15 239 275, 12 12 350 357, 
17 1 0 44, 12 1 45 74, 8 19 134 150, 1 7 207 246, 15 1 267 285, 17 22 290 307, 12 7 357 372, 
4 2 57 87, 1 6 87 112, 12 4 123 164, 1 4 164 207, 15 2 291 332, 
1 5 28 58, 12 18 331 350, 
1 1 0 10, 15 10 217 267, 8 14 275 306, 8 16 306 334, 
1 2 10 28, 12 2 74 118, 1 3 118 161, 12 5 182 206, 17 10 307 320, 4 12 328 357, 
