12 14 74 79, 15 13 162 171, 15 15 249 291, 17 19 303 309, 
4 1 0 18, 17 17 113 155, 12 6 210 252, 17 18 252 267, 15 5 291 303, 
12 8 0 18, 12 13 18 40, 17 14 40 52, 8 20 52 97, 8 12 147 190, 4 9 203 208, 
8 1 97 147, 12 10 308 326, 
4 4 130 138, 12 3 181 186, 15 6 303 346, 
17 13 0 33, 4 13 48 69, 12 9 69 74, 4 8 158 203, 15 3 203 220, 
8 18 34 49, 15 12 49 94, 4 16 107 130, 15 4 220 228, 4 11 282 318, 12 11 326 365, 
15 11 171 177, 1 8 208 255, 17 12 286 303, 
15 7 0 47, 4 3 87 107, 12 15 123 162, 15 14 228 249, 4 10 249 282, 17 20 309 314, 
8 17 0 34, 4 14 69 87, 4 7 138 158, 17 2 158 171, 8 13 190 234, 8 15 234 270, 12 12 365 372, 
12 1 40 69, 17 1 69 113, 15 1 144 162, 1 7 169 208, 17 7 267 286, 12 7 293 308, 17 22 314 331, 
4 2 18 48, 1 6 101 126, 1 4 126 169, 12 4 252 293, 
1 5 71 101, 12 18 162 181, 17 6 181 227, 
1 1 0 10, 15 10 94 144, 8 14 270 301, 8 16 301 329, 
1 2 10 28, 1 3 28 71, 12 2 79 123, 12 5 186 210, 4 12 318 347, 
