4 13 18 46, 15 15 167 209, 17 11 243 267, 
4 1 0 18, 12 13 20 46, 17 9 82 111, 12 6 122 164, 17 17 168 210, 8 17 225 264, 15 9 264 282, 
15 14 48 70, 8 12 70 113, 17 14 156 168, 4 9 258 263, 8 20 282 327, 
8 1 0 50, 12 10 51 69, 1 6 104 136, 15 6 329 377, 
15 12 0 48, 17 8 64 82, 4 4 151 159, 1 7 179 228, 12 3 249 254, 8 18 264 282, 4 10 282 321, 
12 9 46 51, 17 19 111 118, 17 13 123 156, 15 13 156 167, 4 8 213 258, 15 3 289 306, 
4 16 70 93, 12 11 210 249, 15 4 306 314, 4 11 321 357, 
4 2 93 131, 12 2 164 210, 17 12 267 284, 1 8 284 331, 12 7 369 388, 
1 1 0 13, 15 7 70 117, 17 20 118 123, 4 3 131 151, 12 15 270 309, 
17 18 0 18, 17 1 18 64, 8 13 113 157, 8 15 157 193, 4 7 193 213, 12 12 263 270, 
12 1 69 98, 15 1 209 227, 
12 8 0 20, 4 15 46 70, 1 4 136 179, 15 8 227 257, 12 4 328 369, 
1 5 74 104, 8 14 193 225, 12 14 254 263, 15 11 282 289, 12 18 309 328, 
17 22 210 230, 8 16 327 355, 4 12 357 388, 
1 2 13 31, 1 3 31 74, 12 5 98 122, 17 10 230 243, 15 5 314 329, 
