4 13 18 46, 15 15 136 178, 17 11 256 280, 
4 1 0 18, 12 13 20 46, 8 17 50 89, 17 9 89 118, 12 6 122 164, 17 17 181 223, 15 9 226 244, 
15 14 48 70, 17 14 169 181, 8 20 236 281, 4 9 281 286, 
8 1 0 50, 12 10 51 69, 1 6 104 136, 15 6 291 339, 
15 12 0 48, 17 8 64 82, 4 4 151 159, 1 7 179 228, 12 3 249 254, 4 10 286 325, 
12 9 46 51, 17 19 118 125, 15 13 125 136, 17 13 136 169, 4 8 202 247, 15 3 251 268, 
4 16 70 93, 12 11 210 249, 15 4 268 276, 4 11 325 361, 
4 2 93 131, 12 2 164 210, 1 8 228 275, 17 12 280 297, 12 7 373 392, 
1 1 0 13, 15 7 70 117, 17 20 125 130, 4 3 131 151, 12 15 270 309, 
17 18 0 18, 17 1 18 64, 8 12 89 138, 8 13 138 182, 4 7 182 202, 12 12 263 270, 
12 1 69 98, 15 1 178 196, 8 19 220 236, 
12 8 0 20, 4 15 46 70, 1 4 136 179, 15 8 196 226, 12 4 332 373, 
1 5 74 104, 8 15 182 220, 15 11 244 251, 12 14 254 263, 8 14 281 313, 12 18 313 332, 
17 22 223 243, 8 16 313 341, 4 12 361 392, 
1 2 13 31, 1 3 31 74, 12 5 98 122, 17 10 243 256, 15 5 276 291, 
