15 1 45 65, 4 13 101 129, 8 7 157 195, 17 16 203 208, 8 11 338 353, 
17 18 0 15, 4 1 15 33, 8 17 212 251, 17 17 251 293, 17 7 293 316, 
12 13 0 22, 4 5 33 62, 
8 1 0 50, 12 10 57 75, 17 12 316 337, 
4 6 62 101, 15 13 101 111, 17 15 125 133, 1 7 196 245, 12 18 251 272, 12 3 325 330, 15 6 330 373, 
17 19 15 22, 17 13 22 55, 17 22 60 79, 4 8 196 241, 
15 12 0 45, 12 11 75 114, 4 16 173 196, 8 18 251 266, 
12 14 49 57, 15 8 158 186, 15 9 186 208, 12 2 279 325, 1 8 325 372, 12 7 372 391, 
17 20 55 60, 15 14 65 86, 15 7 111 158, 12 15 167 206, 4 10 264 297, 8 9 314 338, 
17 1 79 125, 17 2 133 146, 4 7 153 173, 12 12 272 279, 
1 2 10 34, 12 1 114 143, 4 11 297 338, 
12 8 22 42, 1 6 64 89, 8 3 89 124, 4 15 129 153, 1 4 153 196, 15 15 208 255, 4 9 255 264, 8 20 266 314, 12 4 330 371, 
1 5 34 64, 8 6 124 157, 17 6 157 203, 12 6 206 251, 15 2 255 298, 15 11 373 380, 
1 1 0 10, 12 9 42 49, 4 12 338 369, 
8 2 50 71, 1 3 89 132, 12 5 143 167, 8 8 195 212, 
