14 2 53 63, 18 4 88 101, 17 11 358 382, 
7 19 12 43, 17 18 43 58, 4 1 62 80, 9 18 80 90, 9 19 142 151, 7 11 173 220, 9 13 220 264, 17 9 274 303, 17 17 303 345, 13 18 345 389, 
18 7 0 44, 18 1 80 88, 8 12 92 135, 16 19 135 154, 17 14 177 189, 17 21 189 204, 8 20 220 265, 4 9 285 290, 14 8 290 298, 
9 16 0 42, 8 1 42 92, 14 3 92 100, 14 5 100 109, 7 6 122 168, 14 11 168 210, 14 6 263 290, 9 20 306 324, 18 16 324 342, 16 15 359 365, 13 15 389 393, 
7 2 43 49, 18 12 49 80, 16 7 80 85, 16 8 85 101, 4 4 130 138, 18 6 173 219, 9 15 324 338, 
4 13 0 21, 7 20 49 67, 16 6 67 72, 13 12 100 138, 17 13 144 177, 4 8 240 285, 13 14 285 298, 9 6 358 387, 9 12 387 428, 
7 1 0 12, 4 16 39 62, 8 18 169 184, 9 2 184 205, 7 17 251 271, 4 11 323 359, 
13 17 138 153, 7 15 240 251, 16 11 329 359, 17 12 382 399, 
14 1 10 53, 4 3 110 130, 18 5 130 147, 18 13 147 173, 17 8 257 274, 4 10 290 323, 16 16 365 370, 
4 14 21 39, 7 21 67 95, 8 17 135 169, 8 15 184 220, 4 7 220 240, 13 13 240 256, 14 13 256 263, 8 13 265 309, 16 9 309 318, 18 11 342 390, 18 17 390 422, 
16 18 0 18, 16 1 18 59, 13 1 59 100, 17 1 100 144, 7 14 220 240, 17 22 240 257, 18 10 257 284, 16 10 318 329, 
14 9 0 10, 9 1 42 63, 4 2 80 110, 7 10 168 173, 
9 7 63 68, 7 18 271 297, 9 3 338 358, 16 17 370 389, 
9 10 90 100, 16 20 154 169, 16 21 169 183, 14 12 210 239, 8 14 309 340, 8 16 340 368, 13 16 393 406, 
14 10 63 88, 7 3 95 122, 9 11 122 142, 18 9 219 232, 9 14 264 306, 17 10 345 358, 4 12 359 388, 
