17 19 15 21, 18 4 83 96, 14 2 182 192, 17 16 201 206, 17 11 321 345, 8 11 346 361, 
17 18 0 15, 7 19 15 46, 4 1 46 64, 9 13 84 128, 13 18 128 172, 7 11 203 250, 17 17 250 292, 17 9 292 321, 
18 1 31 39, 18 7 39 83, 7 7 83 105, 8 20 143 188, 4 9 215 220, 9 4 243 256, 8 7 271 306, 14 8 306 314, 
9 16 0 42, 8 1 42 92, 18 16 122 140, 14 11 140 182, 9 20 183 201, 14 3 205 213, 14 5 213 222, 13 15 237 241, 16 15 295 301, 
18 12 0 31, 7 8 123 132, 4 4 142 150, 18 6 164 210, 16 7 224 229, 16 8 229 245, 9 15 256 270, 
4 13 0 21, 17 13 21 54, 13 12 54 92, 7 20 105 123, 7 9 132 156, 4 8 170 215, 16 6 219 224, 13 14 224 237, 9 5 270 275, 9 6 275 304, 8 8 306 322, 9 12 322 363, 
7 1 0 12, 9 2 63 84, 8 18 128 143, 4 16 253 276, 4 11 276 312, 7 17 312 332, 
13 17 108 123, 17 15 164 171, 16 11 265 295, 7 15 295 306, 17 12 345 362, 
14 1 39 82, 18 13 96 122, 4 3 122 142, 17 20 142 147, 18 5 147 164, 17 8 171 188, 4 10 220 253, 14 7 253 282, 16 16 301 306, 8 9 322 346, 
8 17 0 34, 13 13 92 108, 4 7 150 170, 7 21 170 198, 14 13 198 205, 16 9 245 254, 18 17 254 286, 18 11 313 361, 
13 1 0 41, 17 1 54 98, 16 18 98 116, 17 22 147 164, 16 1 164 205, 16 10 254 265, 7 14 265 285, 18 10 286 313, 
14 9 0 10, 9 1 42 63, 4 15 64 88, 4 2 88 118, 7 10 198 203, 8 3 203 238, 
9 7 128 133, 18 8 210 220, 8 6 238 271, 16 17 306 325, 7 18 332 358, 
14 12 10 39, 16 20 116 131, 9 10 133 143, 16 21 205 219, 13 16 241 254, 
14 10 82 107, 8 2 107 128, 9 17 143 163, 9 11 163 183, 17 10 188 201, 9 14 201 243, 4 12 312 341, 
