18 4 8 21, 14 2 74 84, 17 19 229 235, 18 15 240 256, 16 14 274 291, 8 11 357 372, 
4 1 0 18, 7 19 18 49, 17 17 84 126, 9 13 126 170, 13 18 170 214, 17 18 214 229, 18 14 229 240, 7 11 240 287, 
18 1 0 8, 16 19 18 37, 7 7 49 71, 17 14 72 84, 18 7 91 135, 8 20 155 200, 4 9 219 224, 8 7 283 318, 14 8 324 332, 
9 16 42 84, 8 1 84 134, 14 3 134 142, 14 5 142 151, 14 11 151 193, 9 20 212 230, 16 13 230 274, 17 3 274 285, 13 15 285 289, 16 15 291 297, 14 6 297 324, 18 16 331 349, 
4 4 113 121, 7 8 130 139, 18 6 139 185, 18 12 195 226, 9 15 309 323, 8 10 334 357, 
4 13 18 39, 17 13 39 72, 13 12 74 112, 7 20 112 130, 16 6 145 150, 7 9 150 174, 4 8 174 219, 13 14 219 232, 9 6 260 289, 8 8 318 334, 9 12 334 375, 
7 1 0 12, 9 2 21 42, 4 16 148 171, 4 11 257 293, 17 5 298 309, 7 17 318 338, 
13 17 59 74, 7 15 307 318, 17 12 333 350, 
14 1 31 74, 18 5 74 91, 4 3 93 113, 4 10 224 257, 16 16 297 302, 17 20 328 333, 
8 17 0 34, 13 13 112 128, 4 7 128 148, 7 21 174 202, 14 13 222 229, 17 2 235 248, 18 11 283 331, 18 17 349 381, 
16 18 0 18, 13 1 18 59, 8 19 59 75, 16 1 75 116, 17 1 126 170, 18 10 256 283, 7 14 287 307, 17 7 309 328, 17 22 350 367, 
9 1 0 21, 14 9 21 31, 4 15 39 63, 4 2 63 93, 8 3 200 235, 7 10 235 240, 17 4 285 298, 
9 7 84 89, 18 8 185 195, 9 3 230 250, 8 6 250 283, 16 17 302 321, 7 18 338 364, 
16 20 116 131, 16 21 131 145, 16 12 150 174, 14 12 193 222, 9 10 250 260, 13 16 289 302, 
9 17 89 109, 14 10 109 134, 8 2 134 155, 9 14 170 212, 9 11 289 309, 4 12 309 338, 
