17 19 33 39, 13 10 236 248, 17 16 256 261, 18 4 287 300, 8 11 350 365, 
4 1 0 18, 17 18 18 33, 7 19 33 64, 9 13 64 108, 13 18 108 152, 13 7 188 215, 7 11 215 262, 17 17 273 315, 
18 7 0 44, 14 4 53 71, 7 7 71 93, 16 19 118 137, 18 1 137 145, 13 4 179 184, 14 8 184 192, 4 9 211 216, 8 7 230 265, 8 20 305 350, 
9 16 0 42, 8 1 42 92, 14 11 96 138, 14 5 138 147, 18 16 147 165, 16 15 202 208, 17 3 208 219, 9 20 223 241, 
16 7 46 51, 18 12 51 82, 7 8 93 102, 16 8 102 118, 4 4 130 138, 9 15 209 223, 18 6 322 368, 
16 6 41 46, 4 13 48 69, 17 13 69 102, 7 9 102 126, 7 20 126 144, 4 8 166 211, 8 8 265 281, 9 6 282 311, 9 12 311 352, 
7 1 0 12, 4 16 107 130, 8 18 147 162, 13 2 162 167, 13 3 167 179, 9 2 241 262, 17 5 262 273, 4 11 273 309, 7 17 309 329, 
13 17 0 15, 16 11 172 202, 17 15 219 226, 17 12 334 351, 
14 1 10 53, 17 20 53 58, 4 3 87 107, 18 13 109 135, 14 7 147 176, 13 6 184 188, 16 16 208 213, 13 9 215 236, 4 10 236 269, 8 9 281 305, 18 5 305 322, 
4 14 69 87, 8 17 92 126, 16 9 137 146, 4 7 146 166, 7 21 166 194, 17 2 194 207, 18 17 207 239, 18 11 239 287, 13 11 287 334, 14 13 334 341, 
16 1 0 41, 13 1 41 82, 16 18 82 100, 17 1 102 146, 16 10 146 157, 18 10 165 192, 17 22 239 256, 7 14 262 282, 17 7 315 334, 
14 9 0 10, 4 2 18 48, 9 1 108 129, 7 10 144 149, 8 3 162 197, 17 4 226 239, 
9 7 129 134, 8 6 197 230, 16 17 230 249, 9 3 262 282, 7 18 329 355, 
9 10 134 144, 16 20 157 172, 16 21 213 227, 14 12 227 256, 7 16 282 292, 
9 17 42 62, 14 10 71 96, 18 9 96 109, 8 2 126 147, 9 14 147 189, 9 11 189 209, 4 12 309 338, 
