18 4 8 21, 14 2 81 91, 17 19 177 183, 18 15 209 225, 16 5 273 298, 7 12 300 327, 8 11 349 364, 
4 1 0 18, 17 17 45 87, 7 19 87 118, 9 13 118 162, 17 18 162 177, 18 14 198 209, 13 18 209 253, 7 11 253 300, 
18 1 0 8, 17 14 33 45, 18 7 45 89, 7 7 118 140, 8 20 155 200, 16 3 200 233, 4 9 233 238, 8 7 275 310, 16 19 310 329, 14 8 329 337, 
9 16 42 84, 8 1 84 134, 14 3 134 142, 14 5 142 151, 14 11 151 193, 9 20 204 222, 17 3 222 233, 16 4 233 273, 14 6 273 300, 13 15 300 304, 18 16 304 322, 
18 6 89 135, 4 4 145 153, 7 8 158 167, 18 12 167 198, 9 15 301 315, 8 10 326 349, 
17 13 0 33, 4 13 33 54, 13 12 56 94, 7 20 140 158, 4 8 173 218, 7 9 218 242, 9 6 252 281, 13 14 281 294, 8 8 310 326, 9 12 326 367, 
7 1 0 12, 9 2 21 42, 4 16 72 95, 16 2 116 148, 17 5 248 259, 4 11 271 307, 
13 17 41 56, 17 12 283 300, 
18 5 21 38, 14 1 38 81, 4 3 125 145, 4 10 238 271, 17 20 278 283, 7 13 327 345, 
8 17 0 34, 4 14 54 72, 13 13 94 110, 4 7 153 173, 7 21 173 201, 17 2 201 214, 14 13 222 229, 18 11 252 300, 18 17 322 354, 
13 1 0 41, 16 18 41 59, 8 19 59 75, 16 1 75 116, 17 1 116 160, 18 10 225 252, 17 7 259 278, 17 22 300 317, 
9 1 0 21, 14 9 21 31, 4 2 95 125, 8 3 200 235, 17 4 235 248, 7 10 248 253, 
9 7 84 89, 18 8 135 145, 9 3 222 242, 8 6 242 275, 7 18 345 371, 
14 12 193 222, 9 10 242 252, 13 16 304 317, 16 20 329 344, 16 21 344 358, 
9 17 89 109, 14 10 109 134, 8 2 134 155, 9 14 162 204, 9 11 281 301, 4 12 307 336, 
