16 1 55 98, 7 21 126 158, 17 16 199 204, 13 6 208 213, 16 15 253 261, 16 17 267 288, 18 15 295 311, 
4 1 0 18, 9 13 18 62, 17 18 62 77, 7 19 77 108, 9 15 108 125, 8 17 125 164, 13 18 164 208, 17 17 242 284, 18 14 284 295, 13 10 345 359, 
18 1 0 8, 4 5 18 47, 8 12 50 93, 18 7 93 137, 14 1 160 206, 9 11 223 251, 8 20 251 296, 4 9 296 301, 14 8 301 309, 9 17 363 388, 
8 1 0 50, 4 6 68 101, 13 4 101 114, 9 10 162 181, 7 6 185 231, 17 3 231 242, 14 5 242 251, 14 6 251 278, 9 16 321 363, 17 12 363 384, 
18 4 8 24, 9 14 62 105, 17 15 161 169, 17 2 204 220, 7 18 340 370, 
4 13 47 68, 17 19 77 84, 16 6 98 103, 7 20 108 126, 17 13 128 161, 4 8 161 206, 14 13 232 241, 9 6 251 280, 9 12 280 321, 13 9 321 345, 9 20 388 411, 
7 1 0 12, 13 3 88 100, 8 18 164 179, 9 2 181 202, 9 3 202 223, 14 3 223 232, 4 11 334 370, 
7 2 12 20, 13 17 20 35, 16 12 103 130, 18 6 137 184, 16 14 233 253, 7 12 290 320, 
18 5 24 41, 14 10 89 117, 4 16 206 231, 7 11 242 290, 4 10 301 334, 
13 1 35 79, 4 7 125 145, 17 20 169 179, 13 7 213 246, 8 13 296 340, 13 11 359 406, 18 17 410 442, 
16 18 0 18, 17 1 84 128, 9 7 153 162, 17 7 315 334, 
4 15 101 125, 14 2 206 219, 16 16 261 267, 17 5 298 315, 
9 1 125 153, 8 15 179 217, 18 8 217 227, 7 10 231 242, 17 4 284 298, 18 11 341 391, 
16 21 41 55, 14 12 60 89, 14 11 117 160, 17 22 179 199, 7 13 320 340, 8 14 340 371, 8 16 371 399, 
16 20 18 41, 14 9 41 60, 13 2 79 88, 7 3 158 185, 16 13 185 233, 18 12 233 269, 18 10 311 341, 18 16 391 410, 4 12 410 439, 
