18 4 52 65, 17 19 168 174, 18 15 243 259, 7 12 278 305, 17 16 307 312, 8 11 312 327, 17 11 354 378, 
17 18 0 15, 4 1 15 33, 9 13 33 77, 7 19 96 127, 18 14 127 138, 13 18 138 182, 7 11 231 278, 17 9 278 307, 17 17 312 354, 
18 1 0 8, 18 7 8 52, 4 5 54 83, 8 20 99 144, 16 19 144 163, 9 4 165 178, 14 4 178 196, 4 9 223 228, 8 7 233 268, 14 8 345 353, 
8 1 0 50, 7 6 50 96, 4 6 125 158, 9 16 178 220, 13 15 236 240, 14 11 250 292, 14 5 299 308, 16 15 312 318, 14 6 318 345, 18 16 357 375, 9 20 379 397, 
7 2 12 18, 18 12 82 113, 9 15 146 160, 18 6 160 206, 16 7 241 246, 16 8 246 262, 
4 13 33 54, 17 13 54 87, 13 12 100 138, 7 20 138 156, 4 8 178 223, 13 14 223 236, 16 6 236 241, 8 8 268 284, 9 5 284 289, 9 6 289 318, 9 12 338 379, 
7 1 0 12, 8 18 84 99, 4 16 102 125, 9 2 125 146, 4 11 261 297, 
13 17 0 15, 17 15 144 151, 16 11 282 312, 17 12 378 395, 
14 1 0 43, 18 5 65 82, 17 8 151 168, 17 20 187 192, 4 10 228 261, 8 9 284 308, 16 16 318 323, 7 13 323 341, 
8 17 50 84, 4 14 84 102, 4 7 158 178, 13 13 182 198, 7 21 198 226, 16 9 262 271, 14 13 292 299, 18 11 309 357, 18 17 375 407, 
16 1 0 41, 16 18 41 59, 13 1 59 100, 17 1 100 144, 17 22 192 209, 16 10 271 282, 18 10 282 309, 
9 1 0 21, 14 9 43 53, 8 3 165 200, 7 10 226 231, 
9 7 160 165, 8 6 200 233, 18 8 233 243, 16 17 323 342, 7 18 342 368, 
16 20 163 178, 16 21 178 192, 14 12 221 250, 9 10 250 260, 13 16 260 273, 
7 3 18 45, 9 14 77 119, 8 2 144 165, 17 10 174 187, 14 10 196 221, 9 11 260 280, 9 17 318 338, 4 12 338 367, 
