18 4 52 65, 17 19 168 174, 18 15 216 232, 7 12 274 301, 17 16 303 308, 17 11 350 374, 8 11 374 389, 
17 18 0 15, 4 1 15 33, 9 13 33 77, 7 19 96 127, 18 14 127 138, 13 18 183 227, 7 11 227 274, 17 9 274 303, 17 17 308 350, 
18 1 0 8, 18 7 8 52, 4 5 54 83, 16 19 83 102, 8 20 102 147, 14 4 147 165, 9 4 165 178, 4 9 228 233, 8 7 279 314, 14 8 314 322, 
8 1 0 50, 7 6 50 96, 4 6 125 158, 9 16 178 220, 14 11 220 262, 13 15 262 266, 14 5 269 278, 14 6 278 305, 16 15 319 325, 18 16 326 344, 9 20 371 389, 
7 2 12 18, 18 12 82 113, 9 15 146 160, 18 6 160 206, 16 7 233 238, 16 8 238 254, 
4 13 33 54, 17 13 54 87, 7 20 127 145, 13 12 145 183, 4 8 183 228, 16 6 228 233, 13 14 243 256, 9 5 256 261, 9 6 261 290, 8 8 314 330, 9 12 330 371, 
7 1 0 12, 8 18 84 99, 4 16 102 125, 9 2 125 146, 4 11 266 302, 
13 17 0 15, 17 15 144 151, 16 11 289 319, 17 12 374 391, 
14 1 0 43, 18 5 65 82, 17 8 151 168, 17 20 224 229, 4 10 233 266, 7 13 301 319, 16 16 325 330, 8 9 330 354, 
8 17 50 84, 4 14 84 102, 4 7 158 178, 7 21 178 206, 13 13 227 243, 14 13 262 269, 16 9 269 278, 18 11 278 326, 18 17 344 376, 
16 1 0 41, 16 18 41 59, 13 1 59 100, 17 1 100 144, 17 22 229 246, 18 10 246 273, 16 10 278 289, 
9 1 0 21, 14 9 43 53, 7 10 206 211, 8 3 211 246, 
9 7 160 165, 18 8 206 216, 8 6 246 279, 16 17 330 349, 7 18 349 375, 
16 20 102 117, 16 21 117 131, 14 12 190 219, 9 10 220 230, 13 16 266 279, 
7 3 18 45, 9 14 77 119, 14 10 165 190, 8 2 190 211, 17 10 211 224, 9 11 230 250, 9 17 290 310, 4 12 310 339, 
