18 4 8 21, 14 2 74 84, 17 19 212 218, 18 15 234 250, 16 14 259 276, 7 12 281 308, 8 11 342 357, 
4 1 0 18, 7 19 18 49, 17 17 49 91, 9 13 109 153, 13 18 153 197, 17 18 197 212, 18 14 223 234, 7 11 234 281, 
18 1 0 8, 17 14 33 45, 7 7 49 71, 16 19 71 90, 18 7 91 135, 8 20 155 200, 4 9 231 236, 8 7 268 303, 14 8 303 311, 
9 16 42 84, 8 1 84 134, 14 3 134 142, 14 5 142 151, 14 11 151 193, 9 20 197 215, 16 13 215 259, 17 3 259 270, 14 6 270 297, 16 15 297 303, 13 15 303 307, 18 16 325 343, 
7 8 89 98, 4 4 128 136, 18 6 136 182, 18 12 192 223, 9 15 294 308, 8 10 319 342, 
17 13 0 33, 4 13 33 54, 7 20 71 89, 13 12 89 127, 7 9 127 151, 16 6 160 165, 4 8 186 231, 13 14 231 244, 9 6 245 274, 8 8 303 319, 9 12 319 360, 
7 1 0 12, 9 2 21 42, 4 16 163 186, 17 5 283 294, 4 11 294 330, 
13 17 59 74, 17 12 318 335, 
14 1 31 74, 18 5 74 91, 4 3 108 128, 4 10 236 269, 16 16 303 308, 17 20 313 318, 7 13 318 336, 
8 17 0 34, 7 21 98 126, 13 13 127 143, 4 7 143 163, 17 2 218 231, 14 13 231 238, 18 11 277 325, 18 17 343 375, 
16 18 0 18, 13 1 18 59, 8 19 59 75, 16 1 90 131, 17 1 131 175, 18 10 250 277, 17 7 294 313, 17 22 335 352, 
9 1 0 21, 14 9 21 31, 4 15 54 78, 4 2 78 108, 7 10 151 156, 8 3 200 235, 17 4 270 283, 
9 7 84 89, 18 8 182 192, 9 3 215 235, 8 6 235 268, 16 17 308 327, 7 18 336 362, 
16 20 131 146, 16 21 146 160, 16 12 165 189, 14 12 193 222, 9 10 235 245, 13 16 307 320, 
9 17 89 109, 14 10 109 134, 8 2 134 155, 9 14 155 197, 9 11 274 294, 4 12 330 359, 
