14 2 53 63, 18 4 83 96, 17 11 336 360, 
7 19 12 43, 17 18 43 58, 4 1 62 80, 9 18 80 90, 9 19 120 129, 9 13 150 194, 7 11 205 252, 17 9 252 281, 17 17 281 323, 13 18 323 367, 
18 7 0 44, 18 1 75 83, 8 12 92 135, 16 19 135 154, 17 14 177 189, 17 21 189 204, 8 20 220 265, 14 8 281 289, 4 9 308 313, 
9 16 0 42, 8 1 42 92, 14 3 92 100, 14 5 100 109, 14 11 109 151, 7 6 154 200, 9 20 236 254, 14 6 254 281, 18 16 299 317, 16 15 359 365, 13 15 367 371, 
18 12 44 75, 7 2 75 81, 16 7 81 86, 16 8 86 102, 4 4 130 138, 18 6 173 219, 9 15 254 268, 
4 13 0 21, 16 6 59 64, 7 20 81 99, 13 12 100 138, 17 13 144 177, 13 14 236 249, 4 8 263 308, 9 6 308 337, 9 12 337 378, 
7 1 0 12, 4 16 39 62, 9 2 129 150, 8 18 169 184, 7 17 283 303, 4 11 346 382, 
13 17 138 153, 7 15 272 283, 16 11 329 359, 17 12 360 377, 
14 1 10 53, 4 3 110 130, 18 5 130 147, 18 13 147 173, 17 8 221 238, 4 10 313 346, 16 16 365 370, 
4 14 21 39, 7 21 99 127, 8 17 135 169, 8 15 184 220, 13 13 220 236, 14 13 236 243, 4 7 243 263, 8 13 265 309, 16 9 309 318, 18 11 318 366, 18 17 366 398, 
16 18 0 18, 16 1 18 59, 13 1 59 100, 17 1 100 144, 17 22 204 221, 7 14 252 272, 18 10 272 299, 16 10 318 329, 
14 9 0 10, 9 1 42 63, 4 2 80 110, 7 10 200 205, 
9 7 63 68, 9 3 268 288, 7 18 303 329, 16 17 370 389, 
9 10 90 100, 14 12 151 180, 16 20 180 195, 16 21 195 209, 8 14 309 340, 8 16 340 368, 13 16 371 384, 
14 10 63 88, 9 11 100 120, 7 3 127 154, 9 14 194 236, 18 9 236 249, 17 10 323 336, 4 12 382 411, 
