7 19 18 53, 16 1 53 96, 17 16 126 131, 13 6 152 157, 8 7 192 230, 18 4 244 257, 8 11 387 402, 
4 13 0 22, 4 1 22 40, 9 13 67 111, 17 18 111 126, 17 17 131 173, 13 8 187 227, 16 5 372 402, 
18 1 0 8, 9 17 111 136, 16 3 136 169, 14 8 187 195, 9 4 269 282, 9 5 296 302, 8 20 302 347, 18 10 355 383, 
8 1 0 50, 14 5 78 87, 8 6 106 142, 18 16 142 160, 14 6 160 187, 17 3 207 218, 9 20 230 248, 17 12 317 338, 9 12 374 419, 
7 2 12 18, 17 15 33 41, 7 20 53 75, 9 14 136 179, 4 4 179 187, 8 10 364 387, 
17 13 0 33, 14 4 53 78, 18 13 99 127, 4 8 209 254, 14 13 363 372, 
7 1 0 12, 13 2 41 46, 4 16 68 91, 16 2 96 128, 7 21 163 196, 9 2 248 269, 17 5 269 280, 7 15 298 311, 7 17 311 331, 16 4 331 372, 
13 5 46 70, 13 17 70 85, 4 2 91 129, 13 7 157 187, 16 20 230 250, 18 6 308 355, 
14 1 0 43, 4 3 129 149, 9 8 185 230, 7 11 230 278, 18 5 278 295, 4 10 295 328, 
17 1 41 87, 8 17 142 176, 17 2 176 189, 4 7 189 209, 9 6 342 374, 
13 1 0 41, 7 6 102 152, 8 19 176 192, 16 18 192 210, 16 19 210 230, 7 14 278 298, 17 7 298 317, 9 11 320 342, 4 11 342 383, 13 11 383 432, 
9 1 0 21, 14 9 43 53, 8 3 71 106, 17 21 189 207, 4 9 254 263, 
9 16 21 67, 18 12 67 99, 7 10 152 163, 18 7 195 244, 17 4 244 258, 7 18 331 357, 18 11 383 433, 
4 14 40 68, 18 17 160 195, 14 12 195 224, 17 22 224 244, 16 21 250 264, 9 9 282 296, 9 15 302 320, 14 11 320 363, 4 12 383 414, 
8 2 50 71, 7 3 75 102, 13 18 102 152, 9 7 179 185, 14 10 224 249, 18 9 295 308, 8 8 347 364, 
