14 2 55 65, 18 4 65 78, 18 15 228 244, 17 11 336 360, 16 5 360 385, 
17 18 0 15, 4 1 45 63, 7 19 63 94, 9 13 94 138, 18 14 161 172, 13 18 172 216, 7 11 218 265, 17 17 265 307, 17 9 307 336, 
18 1 0 8, 18 7 8 52, 8 12 92 135, 16 19 144 163, 17 21 163 178, 17 14 178 190, 16 3 259 292, 4 9 292 297, 14 8 359 367, 8 20 381 426, 
9 16 0 42, 8 1 42 92, 14 3 94 102, 14 5 102 111, 13 15 125 129, 7 6 167 213, 14 11 213 255, 9 20 258 276, 16 4 292 332, 14 6 332 359, 18 16 360 378, 
7 2 12 18, 4 4 113 121, 18 12 130 161, 18 6 172 218, 9 15 244 258, 
4 13 0 21, 13 12 56 94, 7 20 94 112, 13 14 112 125, 17 13 125 158, 4 8 227 272, 9 6 317 346, 9 12 376 417, 
7 1 0 12, 4 16 204 227, 16 2 227 259, 9 2 276 297, 7 17 297 317, 4 11 330 366, 8 18 366 381, 
13 17 41 56, 17 12 360 377, 
14 1 0 43, 4 3 93 113, 18 5 113 130, 17 8 207 224, 4 10 297 330, 
13 13 94 110, 7 21 112 140, 8 13 140 184, 4 7 184 204, 8 17 215 249, 8 15 249 285, 14 13 285 292, 18 11 312 360, 18 17 378 410, 
13 1 0 41, 16 18 41 59, 17 1 59 103, 16 1 103 144, 17 22 190 207, 7 14 265 285, 18 10 285 312, 
4 15 21 45, 14 9 45 55, 4 2 63 93, 7 10 213 218, 9 1 218 239, 
18 8 218 228, 9 7 239 244, 9 3 297 317, 7 18 317 343, 
14 12 65 94, 13 16 129 142, 16 20 163 178, 8 14 184 215, 7 16 285 295, 8 16 295 323, 16 21 332 346, 9 10 346 356, 
9 17 42 62, 14 10 111 136, 7 3 140 167, 9 14 167 209, 17 10 224 237, 9 11 356 376, 4 12 376 405, 
