18 4 8 21, 14 2 81 91, 18 15 208 224, 16 14 290 307, 17 11 345 369, 8 11 369 384, 
4 1 0 18, 17 18 18 33, 7 19 33 64, 9 13 109 153, 13 18 153 197, 18 14 197 208, 7 11 208 255, 17 9 261 290, 17 17 290 332, 
18 1 0 8, 16 19 18 37, 18 7 38 82, 7 7 82 104, 8 20 155 200, 17 14 200 212, 17 21 212 227, 4 9 259 264, 8 7 268 303, 14 8 364 372, 
9 16 42 84, 8 1 84 134, 14 3 134 142, 14 5 142 151, 14 11 151 193, 9 20 197 215, 13 15 215 219, 16 13 246 290, 16 15 307 313, 18 16 319 337, 14 6 337 364, 
18 6 82 128, 7 8 130 139, 4 4 139 147, 18 12 147 178, 9 15 308 322, 8 10 322 345, 
4 13 18 39, 13 12 74 112, 7 20 112 130, 7 9 139 163, 17 13 163 196, 16 6 196 201, 13 14 201 214, 4 8 214 259, 9 6 259 288, 8 8 303 319, 9 12 322 363, 
7 1 0 12, 9 2 21 42, 4 16 63 86, 7 17 302 322, 4 11 322 358, 
13 17 59 74, 7 15 291 302, 17 12 369 386, 
18 5 21 38, 14 1 38 81, 4 3 116 136, 17 8 244 261, 4 10 264 297, 16 16 313 318, 
8 17 0 34, 13 13 112 128, 7 21 163 191, 4 7 191 211, 14 13 222 229, 18 11 271 319, 18 17 337 369, 
16 18 0 18, 13 1 18 59, 8 19 59 75, 16 1 75 116, 17 1 116 160, 17 22 227 244, 18 10 244 271, 7 14 271 291, 
9 1 0 21, 14 9 21 31, 4 15 39 63, 4 2 86 116, 7 10 191 196, 8 3 200 235, 
9 7 84 89, 18 8 128 138, 9 3 215 235, 8 6 235 268, 7 18 322 348, 16 17 348 367, 
16 20 116 131, 16 21 131 145, 14 12 193 222, 16 12 222 246, 9 10 246 256, 13 16 256 269, 
9 17 89 109, 14 10 109 134, 8 2 134 155, 9 14 155 197, 9 11 288 308, 17 10 332 345, 4 12 358 387, 
