18 4 8 21, 17 19 178 184, 16 14 196 213, 18 15 245 261, 8 11 342 357, 
4 1 0 18, 7 19 18 49, 13 18 49 93, 17 18 93 108, 9 13 109 153, 13 7 167 194, 13 8 194 234, 18 14 234 245, 7 11 245 292, 17 17 333 375, 
18 1 0 8, 16 19 18 37, 7 7 49 71, 14 4 81 99, 18 7 99 143, 8 20 155 200, 4 9 209 214, 17 14 219 231, 8 7 268 303, 14 8 381 389, 
9 16 42 84, 8 1 84 134, 14 5 134 143, 16 13 152 196, 9 20 197 215, 16 15 215 221, 14 11 274 316, 18 16 336 354, 14 6 354 381, 
7 8 90 99, 4 4 136 144, 18 6 144 190, 18 12 200 231, 9 15 294 308, 8 10 319 342, 
4 13 18 39, 17 13 39 72, 7 20 72 90, 7 9 99 123, 16 6 123 128, 4 8 164 209, 9 6 245 274, 8 8 303 319, 9 12 319 360, 
7 1 0 12, 9 2 21 42, 4 16 63 86, 13 2 134 139, 4 11 247 283, 7 17 323 343, 
13 17 0 15, 13 5 139 163, 7 15 312 323, 17 12 375 392, 
18 5 21 38, 14 1 38 81, 4 3 116 136, 13 6 163 167, 17 20 184 189, 4 10 214 247, 16 16 247 252, 
8 17 0 34, 4 7 144 164, 7 21 164 192, 17 2 206 219, 13 11 234 281, 18 11 288 336, 14 13 336 343, 18 17 354 386, 
16 18 0 18, 8 19 34 50, 16 1 50 91, 13 1 93 134, 17 1 134 178, 17 22 189 206, 18 10 261 288, 7 14 292 312, 17 7 314 333, 
9 1 0 21, 14 9 21 31, 4 15 39 63, 4 2 86 116, 7 10 192 197, 8 3 200 235, 
9 7 84 89, 18 8 190 200, 9 3 215 235, 8 6 235 268, 17 6 268 314, 16 17 314 333, 7 18 343 369, 
16 20 91 106, 16 21 106 120, 16 12 128 152, 9 10 235 245, 14 12 245 274, 
9 17 89 109, 8 2 134 155, 9 14 155 197, 14 10 197 222, 9 11 274 294, 4 12 294 323, 
