17 19 15 21, 18 4 83 96, 14 2 182 192, 17 16 201 206, 7 12 248 275, 17 11 319 343, 8 11 344 359, 
17 18 0 15, 4 1 21 39, 7 19 39 70, 9 13 84 128, 13 18 157 201, 7 11 201 248, 17 17 248 290, 17 9 290 319, 
18 1 31 39, 18 7 39 83, 7 7 116 138, 8 20 143 188, 4 9 228 233, 9 4 243 256, 8 7 256 291, 14 8 295 303, 
9 16 0 42, 8 1 42 92, 18 16 122 140, 14 11 140 182, 9 20 183 201, 14 3 201 209, 14 5 209 218, 13 15 246 250, 16 15 304 310, 
18 12 0 31, 4 4 142 150, 7 8 150 159, 18 6 164 210, 16 7 233 238, 16 8 238 254, 9 15 256 270, 
4 13 0 21, 17 13 21 54, 7 20 70 88, 13 12 88 126, 7 9 159 183, 4 8 183 228, 16 6 228 233, 13 14 233 246, 9 5 270 275, 9 6 275 304, 8 8 304 320, 9 12 320 361, 
7 1 0 12, 9 2 63 84, 8 18 128 143, 4 16 266 289, 4 11 289 325, 
13 17 142 157, 17 15 164 171, 16 11 274 304, 17 12 343 360, 
14 1 39 82, 18 13 96 122, 4 3 122 142, 17 20 142 147, 18 5 147 164, 17 8 171 188, 4 10 233 266, 14 7 266 295, 7 13 295 313, 16 16 313 318, 8 9 320 344, 
8 17 0 34, 7 21 88 116, 13 13 126 142, 4 7 150 170, 14 13 192 199, 18 17 220 252, 16 9 254 263, 18 11 301 349, 
13 1 0 41, 17 1 54 98, 16 18 98 116, 17 22 147 164, 16 1 164 205, 16 10 263 274, 18 10 274 301, 
14 9 0 10, 9 1 42 63, 4 15 63 87, 4 2 87 117, 7 10 183 188, 8 3 188 223, 
9 7 128 133, 18 8 210 220, 8 6 223 256, 7 18 313 339, 16 17 339 358, 
14 12 10 39, 16 20 116 131, 9 10 133 143, 16 21 205 219, 13 16 250 263, 
14 10 82 107, 8 2 107 128, 9 17 143 163, 9 11 163 183, 17 10 188 201, 9 14 201 243, 4 12 325 354, 
