18 4 52 65, 17 19 150 156, 18 15 216 232, 17 16 232 237, 7 12 276 303, 17 11 318 342, 8 11 350 365, 
4 1 0 18, 17 18 18 33, 9 13 33 77, 18 14 113 124, 7 19 124 155, 13 18 155 199, 17 9 200 229, 7 11 229 276, 17 17 276 318, 
18 1 0 8, 18 7 8 52, 4 5 52 81, 14 4 81 99, 8 20 99 144, 16 19 144 163, 9 4 165 178, 4 9 223 228, 8 7 249 284, 14 8 305 313, 
8 1 0 50, 7 6 50 96, 4 6 125 158, 9 16 178 220, 14 11 220 262, 13 15 262 266, 14 5 269 278, 14 6 278 305, 16 15 305 311, 18 16 317 335, 9 20 345 363, 
7 2 12 18, 18 12 82 113, 9 15 146 160, 18 6 160 206, 16 7 228 233, 16 8 233 249, 
4 13 18 39, 17 13 39 72, 13 12 82 120, 7 20 155 173, 4 8 178 223, 16 6 223 228, 13 14 228 241, 9 5 250 255, 9 6 255 284, 8 8 284 300, 9 12 304 345, 
7 1 0 12, 8 18 84 99, 4 16 102 125, 9 2 125 146, 4 11 261 297, 
13 17 0 15, 17 15 126 133, 16 11 270 300, 17 12 342 359, 
14 1 0 43, 18 5 65 82, 17 8 133 150, 17 20 178 183, 4 10 228 261, 7 13 303 321, 16 16 321 326, 8 9 326 350, 
8 17 50 84, 4 14 84 102, 4 7 158 178, 7 21 178 206, 13 13 206 222, 16 9 249 258, 14 13 262 269, 18 11 269 317, 18 17 335 367, 
16 1 0 41, 13 1 41 82, 17 1 82 126, 16 18 126 144, 17 22 183 200, 18 10 232 259, 16 10 259 270, 
9 1 0 21, 14 9 43 53, 8 3 165 200, 7 10 206 211, 
9 7 160 165, 18 8 206 216, 8 6 216 249, 7 18 321 347, 16 17 347 366, 
14 12 144 173, 16 20 173 188, 16 21 188 202, 9 10 220 230, 13 16 266 279, 
7 3 18 45, 9 14 77 119, 14 10 119 144, 8 2 144 165, 17 10 165 178, 9 11 230 250, 9 17 284 304, 4 12 304 333, 
