18 4 52 65, 17 19 168 174, 18 15 216 232, 17 16 238 243, 7 12 285 312, 17 11 327 351, 8 11 351 366, 
17 18 0 15, 4 1 15 33, 9 13 33 77, 7 19 96 127, 18 14 127 138, 13 18 138 182, 17 9 209 238, 7 11 238 285, 17 17 285 327, 
18 1 0 8, 18 7 8 52, 4 5 54 83, 14 4 83 101, 8 20 101 146, 16 19 146 165, 9 4 165 178, 4 9 223 228, 8 7 249 284, 14 8 305 313, 
8 1 0 50, 7 6 50 96, 4 6 125 158, 9 16 178 220, 14 11 220 262, 13 15 262 266, 14 5 269 278, 14 6 278 305, 16 15 319 325, 18 16 326 344, 9 20 345 363, 
7 2 12 18, 18 12 82 113, 9 15 146 160, 18 6 160 206, 16 7 241 246, 16 8 246 262, 
4 13 33 54, 17 13 54 87, 13 12 100 138, 7 20 138 156, 4 8 178 223, 13 14 223 236, 16 6 236 241, 9 5 250 255, 9 6 255 284, 8 8 284 300, 9 12 304 345, 
7 1 0 12, 8 18 84 99, 4 16 102 125, 9 2 125 146, 4 11 261 297, 
13 17 0 15, 17 15 144 151, 16 11 289 319, 17 12 351 368, 
14 1 0 43, 18 5 65 82, 17 8 151 168, 17 20 187 192, 4 10 228 261, 8 9 300 324, 16 16 325 330, 7 13 330 348, 
8 17 50 84, 4 14 84 102, 4 7 158 178, 13 13 182 198, 7 21 198 226, 14 13 262 269, 16 9 269 278, 18 11 278 326, 18 17 344 376, 
16 1 0 41, 16 18 41 59, 13 1 59 100, 17 1 100 144, 17 22 192 209, 18 10 232 259, 16 10 278 289, 
9 1 0 21, 14 9 43 53, 8 3 167 202, 7 10 226 231, 
9 7 160 165, 18 8 206 216, 8 6 216 249, 16 17 330 349, 7 18 349 375, 
14 12 144 173, 16 20 173 188, 16 21 188 202, 9 10 220 230, 13 16 266 279, 
7 3 18 45, 9 14 77 119, 14 10 119 144, 8 2 146 167, 17 10 174 187, 9 11 230 250, 9 17 284 304, 4 12 304 333, 
