18 4 52 65, 17 19 168 174, 18 15 216 232, 17 16 250 255, 7 12 297 324, 17 11 339 363, 8 11 363 378, 
17 18 0 15, 4 1 15 33, 9 13 33 77, 7 19 96 127, 18 14 127 138, 13 18 138 182, 17 9 221 250, 7 11 250 297, 17 17 297 339, 
18 1 0 8, 18 7 8 52, 4 5 54 83, 16 19 83 102, 14 4 102 120, 8 20 120 165, 9 4 165 178, 4 9 223 228, 8 7 254 289, 14 8 311 319, 
8 1 0 50, 7 6 50 96, 4 6 125 158, 9 16 178 220, 14 11 220 262, 13 15 262 266, 14 5 269 278, 16 15 278 284, 14 6 284 311, 18 16 322 340, 9 20 346 364, 
7 2 12 18, 18 12 82 113, 9 15 146 160, 18 6 160 206, 16 7 206 211, 16 8 211 227, 
4 13 33 54, 17 13 54 87, 13 12 100 138, 7 20 138 156, 16 6 156 161, 4 8 178 223, 13 14 223 236, 9 5 250 255, 9 6 255 284, 8 8 289 305, 9 12 305 346, 
7 1 0 12, 8 18 84 99, 4 16 102 125, 9 2 125 146, 4 11 261 297, 
13 17 0 15, 17 15 144 151, 16 11 247 277, 17 12 363 380, 
14 1 0 43, 18 5 65 82, 17 8 151 168, 17 20 199 204, 4 10 228 261, 16 16 284 289, 8 9 305 329, 7 13 329 347, 
8 17 50 84, 4 14 84 102, 4 7 158 178, 13 13 182 198, 7 21 198 226, 16 9 227 236, 14 13 262 269, 18 11 274 322, 18 17 340 372, 
16 1 0 41, 16 18 41 59, 13 1 59 100, 17 1 100 144, 17 22 204 221, 16 10 236 247, 18 10 247 274, 
9 1 0 21, 14 9 43 53, 8 3 186 221, 7 10 226 231, 
9 7 160 165, 18 8 206 216, 8 6 221 254, 16 17 289 308, 7 18 347 373, 
16 20 102 117, 16 21 117 131, 14 12 145 174, 9 10 220 230, 13 16 266 279, 
7 3 18 45, 9 14 77 119, 14 10 120 145, 8 2 165 186, 17 10 186 199, 9 11 230 250, 9 17 284 304, 4 12 304 333, 
