16 1 42 85, 7 9 126 153, 4 7 153 176, 7 21 229 261, 17 11 342 366, 
4 1 45 63, 7 19 63 94, 14 2 94 111, 9 13 111 155, 18 3 155 176, 7 11 182 229, 9 15 233 250, 17 17 250 292, 9 6 311 344, 13 18 344 388, 
7 7 30 52, 8 12 52 95, 13 15 194 200, 18 7 200 244, 8 20 326 371, 14 8 390 398, 
8 1 0 50, 18 16 91 109, 13 12 111 155, 14 5 157 166, 13 14 176 194, 9 20 250 268, 7 17 322 343, 9 10 344 363, 14 6 363 390, 7 18 390 419, 17 12 419 440, 
14 9 43 61, 18 2 75 91, 7 8 117 126, 4 10 312 351, 
4 13 0 21, 9 17 46 74, 17 13 88 121, 17 14 139 153, 16 3 193 232, 18 8 244 258, 4 8 258 303, 16 5 311 342, 9 12 387 428, 
14 3 148 157, 16 2 161 193, 4 16 193 216, 9 2 268 289, 7 14 289 311, 8 18 311 326, 
18 1 0 13, 7 1 13 30, 13 17 96 111, 7 15 311 322, 18 6 328 375, 
14 1 0 43, 18 13 49 75, 4 3 93 113, 14 12 113 148, 13 13 155 176, 17 8 181 198, 16 4 232 276, 9 3 289 311, 9 11 363 387, 
17 18 0 18, 16 18 18 42, 17 1 42 88, 8 13 95 139, 8 17 171 205, 9 7 225 233, 8 15 233 269, 18 17 269 301, 14 13 301 308, 
7 20 94 117, 4 4 117 126, 16 19 126 146, 18 10 301 328, 4 11 351 392, 
4 15 21 45, 4 2 63 93, 17 21 121 139, 4 9 303 312, 17 9 312 342, 
9 16 0 46, 13 1 46 96, 8 14 139 171, 7 10 171 182, 9 1 197 225, 18 11 375 425, 
16 20 146 161, 17 22 161 181, 13 16 200 213, 14 11 222 265, 8 16 269 297, 16 21 297 311, 
18 12 13 49, 9 14 155 197, 14 10 197 222, 17 10 222 235, 4 12 392 421, 
