17 19 15 21, 14 2 78 88, 18 4 105 118, 17 16 198 203, 17 11 312 336, 8 11 344 359, 
17 18 0 15, 4 1 21 39, 7 19 39 70, 9 13 84 128, 13 18 150 194, 7 11 194 241, 17 17 241 283, 17 9 283 312, 
7 7 12 34, 16 19 34 53, 18 1 53 61, 18 7 61 105, 8 20 128 173, 4 9 210 215, 9 4 243 256, 8 7 256 291, 14 8 291 299, 
9 16 0 42, 8 1 42 92, 14 11 117 159, 18 16 163 181, 9 20 183 201, 14 3 201 209, 14 5 209 218, 13 15 223 227, 16 15 260 266, 
18 12 0 31, 7 8 70 79, 4 4 137 145, 16 7 178 183, 16 8 183 199, 18 6 202 248, 9 15 256 270, 
4 13 0 21, 17 13 21 54, 7 20 79 97, 13 12 97 135, 7 9 135 159, 16 6 159 164, 4 8 165 210, 13 14 210 223, 9 5 270 275, 9 6 275 304, 8 8 304 320, 9 12 320 361, 
7 1 0 12, 9 2 63 84, 8 18 113 128, 4 16 248 271, 4 11 271 307, 7 17 307 327, 
13 17 135 150, 17 15 161 168, 16 11 230 260, 7 15 261 272, 17 12 336 353, 
14 1 10 53, 17 20 103 108, 4 3 117 137, 18 13 137 163, 17 8 168 185, 18 5 185 202, 4 10 215 248, 14 7 248 277, 16 16 277 282, 8 9 320 344, 
8 17 0 34, 7 21 97 125, 4 7 145 165, 13 13 194 210, 16 9 210 219, 18 17 258 290, 14 13 299 306, 18 11 317 365, 
16 18 0 18, 13 1 18 59, 17 1 59 103, 16 1 103 144, 17 22 144 161, 16 10 219 230, 7 14 241 261, 18 10 290 317, 
14 9 0 10, 9 1 42 63, 4 15 63 87, 4 2 87 117, 7 10 159 164, 8 3 173 208, 
9 7 128 133, 8 6 208 241, 18 8 248 258, 16 17 282 301, 7 18 327 353, 
14 12 88 117, 9 10 133 143, 16 20 144 159, 16 21 164 178, 13 16 227 240, 
14 10 53 78, 8 2 92 113, 9 17 143 163, 9 11 163 183, 17 10 185 198, 9 14 201 243, 4 12 307 336, 
