18 4 62 75, 17 19 92 98, 18 15 258 274, 16 14 274 291, 17 11 314 338, 8 11 347 362, 
4 1 0 18, 7 19 18 49, 17 18 77 92, 9 13 107 151, 18 14 153 164, 7 11 183 230, 17 17 243 285, 17 9 285 314, 13 18 314 358, 
18 7 0 44, 18 1 54 62, 4 5 62 91, 14 4 91 109, 17 14 109 121, 7 7 123 145, 14 8 163 171, 8 7 173 208, 4 9 237 242, 9 4 247 260, 8 20 302 347, 
8 1 0 50, 9 16 50 92, 4 6 92 125, 14 5 125 134, 16 13 162 206, 13 15 206 210, 18 16 274 292, 16 15 292 298, 14 11 298 340, 9 20 340 358, 
18 12 75 106, 7 8 145 154, 18 6 164 210, 9 15 213 227, 8 10 279 302, 
4 13 18 39, 17 13 44 77, 7 20 77 95, 13 12 95 133, 16 6 133 138, 7 9 154 178, 13 14 179 192, 4 8 192 237, 8 8 237 253, 9 5 260 265, 9 6 265 294, 9 12 294 335, 
7 1 0 12, 9 2 21 42, 4 16 163 186, 7 17 274 294, 4 11 294 330, 
13 17 235 250, 7 15 263 274, 17 12 338 355, 
14 1 0 43, 17 20 98 103, 18 5 106 123, 14 7 134 163, 17 8 163 180, 4 10 242 275, 16 16 298 303, 
8 17 50 84, 7 21 95 123, 4 7 125 145, 4 14 145 163, 13 13 163 179, 18 11 210 258, 18 17 292 324, 14 13 340 347, 
17 1 0 44, 13 1 44 85, 16 1 85 126, 18 10 126 153, 16 18 206 224, 17 22 226 243, 7 14 243 263, 8 19 263 279, 
9 1 0 21, 8 3 105 140, 7 10 178 183, 14 9 183 193, 
18 8 44 54, 9 7 92 97, 8 6 140 173, 7 18 294 320, 16 17 320 339, 
9 10 97 107, 16 12 138 162, 14 12 193 222, 13 16 222 235, 16 20 235 250, 16 21 250 264, 
8 2 84 105, 9 11 151 171, 9 14 171 213, 17 10 213 226, 9 17 227 247, 14 10 247 272, 4 12 330 359, 
