18 4 8 21, 14 2 81 91, 17 19 175 181, 18 15 195 211, 16 5 273 298, 7 12 298 325, 8 11 342 357, 
4 1 0 18, 7 19 18 49, 17 17 49 91, 9 13 109 153, 17 18 160 175, 18 14 184 195, 13 18 195 239, 7 11 247 294, 
18 1 0 8, 17 14 33 45, 18 7 45 89, 7 7 89 111, 8 20 155 200, 16 3 200 233, 4 9 233 238, 8 7 268 303, 16 19 303 322, 14 8 322 330, 
9 16 42 84, 8 1 84 134, 14 3 134 142, 14 5 142 151, 14 11 151 193, 9 20 197 215, 17 3 215 226, 16 4 233 273, 14 6 273 300, 13 15 300 304, 18 16 304 322, 
18 6 89 135, 7 8 135 144, 4 4 145 153, 18 12 153 184, 9 15 294 308, 8 10 319 342, 
17 13 0 33, 4 13 33 54, 13 12 74 112, 7 20 112 130, 4 8 173 218, 7 9 218 242, 9 6 245 274, 13 14 274 287, 8 8 303 319, 9 12 319 360, 
7 1 0 12, 9 2 21 42, 4 16 72 95, 16 2 116 148, 17 5 260 271, 4 11 271 307, 
13 17 59 74, 17 12 295 312, 
18 5 21 38, 14 1 38 81, 4 3 125 145, 4 10 238 271, 17 20 290 295, 7 13 325 343, 
8 17 0 34, 4 14 54 72, 13 13 112 128, 4 7 153 173, 7 21 173 201, 17 2 201 214, 14 13 222 229, 18 11 238 286, 18 17 322 354, 
16 18 0 18, 13 1 18 59, 8 19 59 75, 16 1 75 116, 17 1 116 160, 18 10 211 238, 17 7 271 290, 17 22 312 329, 
9 1 0 21, 14 9 21 31, 4 2 95 125, 8 3 200 235, 7 10 242 247, 17 4 247 260, 
9 7 84 89, 18 8 135 145, 9 3 215 235, 8 6 235 268, 7 18 343 369, 
14 12 193 222, 9 10 235 245, 13 16 304 317, 16 20 322 337, 16 21 337 351, 
9 17 89 109, 14 10 109 134, 8 2 134 155, 9 14 155 197, 9 11 274 294, 4 12 307 336, 
