18 4 52 65, 17 19 155 161, 18 15 243 259, 7 12 301 328, 17 16 330 335, 8 11 335 350, 17 11 377 401, 
17 18 0 15, 4 1 15 33, 9 13 33 77, 7 19 96 127, 18 14 127 138, 13 18 210 254, 7 11 254 301, 17 9 301 330, 17 17 335 377, 
18 1 0 8, 18 7 8 52, 4 5 54 83, 8 20 99 144, 16 19 144 163, 9 4 165 178, 14 4 178 196, 8 7 233 268, 4 9 268 273, 14 8 392 400, 
8 1 0 50, 7 6 50 96, 4 6 125 158, 9 16 178 220, 14 11 250 292, 14 5 299 308, 13 15 308 312, 16 15 331 337, 18 16 347 365, 14 6 365 392, 9 20 392 410, 
7 2 12 18, 18 12 82 113, 9 15 146 160, 18 6 160 206, 16 7 260 265, 16 8 265 281, 
4 13 33 54, 17 13 54 87, 7 20 127 145, 13 12 172 210, 4 8 210 255, 16 6 255 260, 8 8 268 284, 13 14 284 297, 9 5 297 302, 9 6 302 331, 9 12 351 392, 
7 1 0 12, 8 18 84 99, 4 16 102 125, 9 2 125 146, 4 11 306 342, 
13 17 0 15, 17 15 131 138, 16 11 301 331, 17 12 401 418, 
14 1 0 43, 18 5 65 82, 17 8 138 155, 17 20 178 183, 4 10 273 306, 8 9 306 330, 16 16 337 342, 7 13 342 360, 
8 17 50 84, 4 14 84 102, 4 7 158 178, 7 21 178 206, 13 13 254 270, 16 9 281 290, 14 13 292 299, 18 11 299 347, 18 17 365 397, 
16 1 0 41, 16 18 41 59, 17 1 87 131, 13 1 131 172, 17 22 183 200, 18 10 259 286, 16 10 290 301, 
9 1 0 21, 14 9 43 53, 8 3 165 200, 7 10 206 211, 
9 7 160 165, 8 6 200 233, 18 8 233 243, 16 17 342 361, 7 18 361 387, 
16 20 163 178, 16 21 178 192, 14 12 221 250, 9 10 250 260, 13 16 312 325, 
7 3 18 45, 9 14 77 119, 8 2 144 165, 17 10 165 178, 14 10 196 221, 9 11 260 280, 9 17 331 351, 4 12 351 380, 
