18 4 62 75, 14 2 75 85, 17 19 92 98, 16 14 253 270, 18 15 270 286, 17 11 288 312, 8 11 331 346, 
4 1 0 18, 7 19 18 49, 17 18 77 92, 9 13 107 151, 18 14 153 164, 17 17 170 212, 7 11 212 259, 17 9 259 288, 13 18 309 353, 
18 7 0 44, 18 1 54 62, 4 5 62 91, 17 14 103 115, 7 7 123 145, 8 7 173 208, 14 8 208 216, 4 9 231 236, 9 4 249 262, 8 20 286 331, 
8 1 0 50, 9 16 50 92, 4 6 92 125, 14 3 130 138, 14 5 138 147, 16 13 162 206, 14 11 216 258, 13 15 260 264, 16 15 270 276, 18 16 286 304, 9 20 337 355, 
18 12 75 106, 7 8 145 154, 18 6 164 210, 9 15 215 229, 8 10 263 286, 
4 13 18 39, 17 13 44 77, 7 20 77 95, 13 12 95 133, 16 6 133 138, 7 9 154 178, 4 8 186 231, 8 8 231 247, 13 14 247 260, 9 5 262 267, 9 6 267 296, 9 12 296 337, 
7 1 0 12, 9 2 21 42, 4 16 163 186, 4 11 269 305, 7 17 305 325, 
7 15 283 294, 13 17 294 309, 17 12 312 329, 
14 1 0 43, 17 20 98 103, 18 5 106 123, 17 8 123 140, 14 7 147 176, 4 10 236 269, 16 16 276 281, 
8 17 50 84, 7 21 95 123, 4 7 125 145, 4 14 145 163, 13 13 163 179, 18 11 210 258, 14 13 306 313, 18 17 313 345, 
17 1 0 44, 13 1 44 85, 16 1 85 126, 18 10 126 153, 17 22 153 170, 16 18 206 224, 8 19 247 263, 7 14 263 283, 
9 1 0 21, 14 9 43 53, 8 3 105 140, 7 10 178 183, 
18 8 44 54, 9 7 92 97, 8 6 140 173, 16 17 281 300, 7 18 325 351, 
9 10 97 107, 16 12 138 162, 16 20 224 239, 16 21 239 253, 13 16 264 277, 14 12 277 306, 
8 2 84 105, 14 10 105 130, 17 10 140 153, 9 11 153 173, 9 14 173 215, 9 17 229 249, 4 12 305 334, 
