12 14 40 45, 17 19 73 79, 15 13 92 101, 18 15 113 129, 18 4 156 169, 2 5 187 220, 7 12 245 272, 8 11 272 287, 15 15 340 382, 
4 1 0 18, 7 19 18 49, 17 18 58 73, 18 14 92 103, 8 5 117 135, 17 17 135 177, 2 9 177 187, 7 11 198 245, 15 5 285 297, 12 6 330 372, 
12 8 0 18, 12 13 18 40, 18 1 40 48, 18 7 48 92, 7 7 92 114, 17 14 114 126, 8 7 135 170, 4 9 265 270, 8 20 315 360, 
8 1 0 50, 8 4 106 117, 2 3 119 159, 18 16 186 204, 12 10 220 238, 17 3 265 276, 
18 12 0 31, 2 1 31 41, 4 4 89 97, 7 8 114 123, 2 6 220 258, 12 3 284 289, 15 6 297 340, 18 6 340 386, 
2 7 0 25, 17 13 25 58, 4 13 68 89, 12 9 89 94, 7 20 123 141, 15 3 141 158, 7 9 169 193, 8 8 204 220, 4 8 220 265, 2 11 282 320, 
7 1 0 12, 15 12 47 92, 4 16 163 186, 12 11 238 277, 15 4 277 285, 17 5 289 300, 8 18 300 315, 4 11 323 359, 
2 2 41 47, 15 11 265 271, 17 12 319 336, 1 8 336 383, 
15 7 0 47, 4 3 48 68, 2 4 68 78, 17 20 79 84, 12 15 94 133, 18 5 169 186, 8 9 220 244, 15 14 244 265, 7 13 272 290, 4 10 290 323, 
2 8 78 119, 4 7 119 139, 7 21 141 169, 8 17 170 204, 18 11 204 252, 17 2 252 265, 12 12 277 284, 18 17 284 316, 2 14 320 357, 
12 1 45 74, 17 22 84 101, 15 1 101 119, 18 10 129 156, 17 1 177 221, 1 7 241 280, 17 7 300 319, 12 7 372 387, 
4 2 18 48, 8 3 71 106, 1 6 114 139, 4 15 139 163, 7 10 193 198, 1 4 198 241, 17 4 276 289, 12 4 289 330, 
1 5 28 58, 18 8 103 113, 12 18 133 152, 7 18 290 316, 
1 1 0 10, 15 10 158 208, 2 10 258 282, 
1 2 10 28, 8 2 50 71, 1 3 71 114, 12 2 152 196, 12 5 196 220, 4 12 359 388, 
