12 14 172 177, 2 5 177 210, 15 13 212 221, 17 16 251 256, 15 15 321 363, 8 11 364 379, 
7 19 12 43, 17 18 43 58, 4 1 68 86, 2 9 87 97, 18 3 109 130, 12 6 177 219, 7 11 219 266, 15 5 266 278, 17 17 278 320, 
18 1 0 8, 18 7 8 52, 7 7 64 86, 4 5 86 115, 12 13 119 141, 17 21 154 169, 8 20 169 214, 4 9 219 224, 12 8 234 252, 8 7 289 324, 
8 1 34 84, 4 6 115 148, 2 3 263 303, 12 10 303 321, 18 16 327 345, 
12 3 73 78, 7 8 86 95, 2 1 97 107, 18 6 130 176, 18 12 224 255, 15 6 278 321, 2 6 340 378, 
4 13 0 21, 2 7 21 46, 7 20 46 64, 17 13 64 97, 18 2 97 109, 15 3 121 138, 7 9 138 162, 4 8 174 219, 2 11 219 257, 12 9 257 262, 8 8 324 340, 
7 1 0 12, 4 16 45 68, 15 4 138 146, 15 12 146 191, 4 11 257 293, 7 17 297 317, 12 11 321 360, 
15 11 115 121, 17 15 169 176, 2 2 257 263, 7 15 286 297, 1 8 325 372, 17 12 372 389, 
15 7 0 47, 2 4 139 149, 15 14 191 212, 4 10 224 257, 12 15 262 301, 18 13 301 327, 8 9 340 364, 
8 17 0 34, 2 8 46 87, 7 21 95 123, 17 2 141 154, 4 7 154 174, 18 11 176 224, 2 14 303 340, 18 17 345 377, 12 12 379 386, 
12 1 0 29, 15 1 47 65, 18 10 65 92, 17 1 97 141, 8 19 141 157, 12 7 219 234, 17 22 234 251, 7 14 266 286, 1 7 286 325, 17 7 325 344, 
4 15 21 45, 12 4 78 119, 7 10 162 167, 1 4 178 221, 8 3 221 256, 1 6 256 281, 
18 8 52 62, 1 5 148 178, 17 6 178 224, 8 6 256 289, 7 18 317 343, 12 18 360 379, 
1 1 0 10, 15 10 65 115, 2 10 115 139, 
1 2 10 28, 12 2 29 73, 8 2 84 105, 1 3 105 148, 12 5 148 172, 4 12 293 322, 
