12 14 22 27, 18 4 74 87, 2 5 98 131, 15 13 159 168, 15 15 168 210, 17 11 250 274, 7 12 297 324, 17 19 324 330, 18 15 330 346, 
4 1 21 39, 7 19 39 70, 15 9 75 93, 17 17 149 191, 18 14 191 202, 17 9 221 250, 7 11 250 297, 17 18 297 312, 12 6 329 371, 
12 13 0 22, 18 7 22 66, 18 1 66 74, 4 5 86 115, 7 7 115 137, 17 14 137 149, 8 20 153 198, 8 12 198 241, 12 8 245 263, 4 9 263 268, 
8 1 34 84, 4 6 115 148, 2 3 148 188, 2 12 226 251, 12 10 268 286, 18 16 346 364, 
2 1 0 10, 18 12 100 131, 12 3 144 149, 7 8 155 164, 2 6 188 226, 18 6 267 313, 15 6 313 356, 
4 13 0 21, 2 7 21 46, 17 13 100 133, 7 20 137 155, 4 8 168 213, 7 9 213 237, 12 9 263 268, 
7 1 0 12, 4 16 63 86, 15 12 93 138, 8 18 138 153, 2 13 251 290, 12 11 290 329, 4 11 329 365, 
2 2 10 16, 15 8 47 75, 15 11 228 234, 1 8 273 320, 17 12 364 381, 
15 7 0 47, 2 4 47 57, 12 15 57 96, 15 14 138 159, 17 8 191 208, 18 5 250 267, 4 10 268 301, 7 13 324 342, 17 20 342 347, 
8 17 0 34, 2 8 57 98, 4 7 148 168, 7 21 168 196, 18 11 202 250, 8 13 250 294, 8 15 294 330, 2 14 330 367, 12 12 371 378, 18 17 378 410, 
12 1 27 56, 17 1 56 100, 18 10 131 158, 15 1 210 228, 1 7 234 273, 17 22 347 364, 12 7 378 393, 
4 15 39 63, 1 4 71 114, 12 4 168 209, 1 6 209 234, 7 10 237 242, 15 2 242 283, 
1 5 114 144, 12 18 149 168, 7 18 342 368, 
1 1 0 10, 8 14 330 361, 8 16 361 389, 
1 2 10 28, 1 3 28 71, 18 9 87 100, 12 2 100 144, 17 10 208 221, 12 5 221 245, 4 12 365 394, 
