2 5 111 144, 12 14 144 149, 15 13 149 158, 15 15 209 251, 7 12 251 278, 17 11 285 309, 17 16 316 321, 
17 18 0 15, 4 1 15 33, 7 19 33 64, 12 6 71 113, 15 9 120 138, 7 11 149 196, 18 3 196 217, 17 9 256 285, 17 17 338 380, 
18 7 0 44, 18 1 44 52, 12 8 53 71, 7 7 71 93, 17 21 93 108, 12 13 113 135, 8 12 135 178, 4 9 238 243, 8 20 320 365, 
8 1 34 84, 2 12 86 111, 2 3 150 190, 12 10 212 230, 18 16 302 320, 
2 1 0 10, 7 8 93 102, 4 4 130 138, 18 12 141 172, 18 6 217 263, 2 6 263 301, 12 3 320 325, 15 6 325 368, 
2 7 10 35, 4 13 35 56, 17 13 56 89, 7 20 102 120, 7 9 120 144, 18 2 172 184, 12 9 188 193, 4 8 193 238, 
7 1 0 12, 15 12 75 120, 8 18 120 135, 4 16 138 161, 2 13 190 229, 12 11 230 269, 4 11 276 312, 
15 8 47 75, 2 2 144 150, 15 11 251 257, 17 15 309 316, 17 12 321 338, 1 8 338 385, 
15 7 0 47, 2 4 76 86, 4 3 86 106, 12 15 149 188, 15 14 188 209, 17 8 209 226, 4 10 243 276, 18 13 276 302, 7 13 306 324, 
8 17 0 34, 2 8 35 76, 18 11 93 141, 4 7 161 181, 8 15 181 217, 8 13 217 261, 12 12 269 276, 7 21 278 306, 2 14 306 343, 18 17 343 375, 
12 1 0 29, 18 10 66 93, 17 1 108 152, 17 22 226 243, 15 1 257 275, 1 7 275 314, 12 7 366 381, 
4 2 56 86, 4 15 106 130, 7 10 144 149, 1 6 149 174, 1 4 174 217, 15 2 275 316, 12 4 325 366, 
1 5 28 58, 12 18 193 212, 7 18 324 350, 
1 1 0 10, 8 14 261 292, 8 16 292 320, 
1 2 10 28, 12 5 29 53, 18 9 53 66, 1 3 66 109, 17 10 243 256, 12 2 276 320, 4 12 320 349, 
