12 14 22 27, 18 4 74 87, 2 5 141 174, 15 13 174 183, 15 15 183 225, 17 11 250 274, 17 19 289 295, 18 15 314 330, 7 12 336 363, 
4 1 0 18, 7 19 18 49, 15 9 75 93, 2 9 131 141, 17 17 149 191, 18 14 191 202, 17 9 221 250, 17 18 274 289, 7 11 289 336, 12 6 341 383, 
12 13 0 22, 18 7 22 66, 18 1 66 74, 4 5 86 115, 7 7 115 137, 17 14 137 149, 8 20 154 199, 4 9 213 218, 8 12 218 261, 12 8 261 279, 
8 1 0 50, 4 6 115 148, 2 3 174 214, 12 10 284 302, 18 16 330 348, 
2 1 105 115, 18 12 115 146, 7 8 155 164, 12 3 164 169, 18 6 268 314, 15 6 314 357, 2 6 378 416, 
4 13 18 39, 2 7 39 64, 17 13 64 97, 7 20 137 155, 4 8 168 213, 7 9 213 237, 2 11 238 276, 12 9 279 284, 
7 1 0 12, 4 16 63 86, 15 12 93 138, 8 18 139 154, 4 11 251 287, 12 11 302 341, 
15 8 47 75, 2 2 125 131, 15 11 243 249, 1 8 249 296, 17 12 317 334, 
15 7 0 47, 12 15 73 112, 2 4 115 125, 15 14 138 159, 17 8 191 208, 4 10 218 251, 18 5 251 268, 17 20 295 300, 7 13 363 381, 
2 8 64 105, 8 17 105 139, 4 7 148 168, 7 21 168 196, 18 11 202 250, 8 15 261 297, 8 13 297 341, 2 14 341 378, 12 12 383 390, 18 17 390 422, 
17 1 0 44, 12 1 44 73, 18 10 146 173, 1 7 173 212, 15 1 225 243, 17 22 300 317, 12 7 390 405, 
4 15 39 63, 1 4 71 114, 1 6 144 169, 12 4 188 229, 7 10 237 242, 15 2 249 290, 
1 5 114 144, 12 18 169 188, 7 18 381 407, 
1 1 0 10, 2 10 214 238, 8 14 341 372, 8 16 372 400, 
1 2 10 28, 1 3 28 71, 18 9 87 100, 12 2 112 156, 17 10 208 221, 12 5 229 253, 4 12 287 316, 
