12 14 22 27, 18 4 74 87, 2 5 103 136, 15 13 181 190, 15 15 190 232, 17 11 240 264, 17 19 279 285, 18 15 286 302, 7 12 327 354, 
4 1 0 18, 7 19 18 49, 15 9 75 93, 2 9 93 103, 17 17 103 145, 18 14 158 169, 17 9 211 240, 17 18 264 279, 7 11 280 327, 12 6 338 380, 
12 13 0 22, 18 7 22 66, 18 1 66 74, 17 14 79 91, 4 5 93 122, 7 7 122 144, 8 20 144 189, 8 12 189 232, 4 9 232 237, 12 8 258 276, 
8 1 0 50, 4 6 122 155, 2 3 155 195, 12 10 281 299, 18 16 302 320, 
2 1 66 76, 18 12 100 131, 12 3 169 174, 7 8 174 183, 18 6 240 286, 15 6 321 364, 2 6 368 406, 
2 7 0 25, 4 13 25 46, 17 13 46 79, 7 20 144 162, 4 8 175 220, 7 9 251 275, 12 9 276 281, 2 11 281 319, 
7 1 0 12, 4 16 70 93, 8 18 100 115, 15 12 115 160, 12 11 299 338, 4 11 338 374, 
15 8 47 75, 2 2 86 92, 15 11 250 256, 1 8 256 303, 17 12 307 324, 
15 7 0 47, 2 4 76 86, 12 15 86 125, 15 14 160 181, 17 8 181 198, 18 5 223 240, 4 10 240 273, 17 20 285 290, 7 13 354 372, 
2 8 25 66, 8 17 66 100, 4 7 155 175, 18 11 175 223, 7 21 223 251, 8 15 251 287, 8 13 287 331, 2 14 331 368, 12 12 380 387, 18 17 387 419, 
17 1 0 44, 12 1 44 73, 18 10 131 158, 1 7 169 208, 15 1 232 250, 17 22 290 307, 12 7 387 402, 
4 15 46 70, 1 4 71 114, 1 6 144 169, 12 4 193 234, 7 10 275 280, 15 2 280 321, 
1 5 114 144, 12 18 174 193, 7 18 372 398, 
1 1 0 10, 2 10 195 219, 8 14 331 362, 8 16 362 390, 
1 2 10 28, 1 3 28 71, 18 9 87 100, 12 2 125 169, 17 10 198 211, 12 5 234 258, 4 12 374 403, 
