12 14 22 27, 18 4 74 87, 2 5 115 148, 15 13 159 168, 15 15 168 210, 17 11 250 274, 7 12 297 324, 17 19 324 330, 18 15 330 346, 
4 1 0 18, 7 19 18 49, 15 9 75 93, 17 17 149 191, 18 14 191 202, 17 9 221 250, 7 11 250 297, 17 18 297 312, 12 6 330 372, 
12 13 0 22, 18 7 22 66, 18 1 66 74, 4 5 86 115, 7 7 115 137, 17 14 137 149, 8 20 153 198, 8 12 198 241, 12 8 246 264, 4 9 268 273, 
8 1 34 84, 4 6 115 148, 2 3 148 188, 2 12 226 251, 12 10 273 291, 18 16 346 364, 
2 1 0 10, 18 12 100 131, 12 3 157 162, 7 8 162 171, 2 6 188 226, 18 6 267 313, 15 6 313 356, 
4 13 18 39, 2 7 39 64, 17 13 100 133, 7 20 137 155, 7 9 199 223, 4 8 223 268, 12 9 268 273, 
7 1 0 12, 4 16 63 86, 15 12 93 138, 8 18 138 153, 2 13 251 290, 12 11 291 330, 4 11 330 366, 
2 2 10 16, 15 8 47 75, 15 11 228 234, 1 8 234 281, 17 12 364 381, 
15 7 0 47, 2 4 64 74, 12 15 74 113, 15 14 138 159, 17 8 191 208, 18 5 250 267, 4 10 273 306, 7 13 324 342, 17 20 342 347, 
8 17 0 34, 2 8 74 115, 4 7 148 168, 7 21 171 199, 18 11 202 250, 8 13 250 294, 8 15 294 330, 2 14 330 367, 12 12 372 379, 18 17 379 411, 
12 1 27 56, 17 1 56 100, 18 10 131 158, 1 7 169 208, 15 1 210 228, 17 22 347 364, 12 7 379 394, 
4 15 39 63, 1 4 71 114, 1 6 144 169, 12 4 181 222, 7 10 223 228, 15 2 234 275, 
1 5 114 144, 12 18 162 181, 7 18 342 368, 
1 1 0 10, 8 14 330 361, 8 16 361 389, 
1 2 10 28, 1 3 28 71, 18 9 87 100, 12 2 113 157, 17 10 208 221, 12 5 222 246, 4 12 366 395, 
