12 14 45 50, 18 4 50 63, 15 13 63 72, 18 15 74 90, 15 15 110 152, 2 5 152 185, 7 12 242 269, 17 19 358 364, 8 11 384 399, 
4 1 0 18, 18 14 63 74, 7 19 80 111, 15 5 160 172, 2 9 185 195, 7 11 195 242, 17 17 242 284, 12 6 284 326, 17 18 326 341, 15 9 341 359, 
12 13 0 22, 12 8 22 40, 18 1 41 49, 7 7 49 71, 17 14 122 134, 4 5 134 163, 8 20 210 255, 4 9 261 266, 18 7 266 310, 8 7 310 345, 
8 1 0 50, 2 3 50 90, 12 10 90 108, 4 6 163 196, 18 16 196 214, 
2 1 0 10, 18 12 10 41, 7 8 71 80, 18 6 127 173, 2 6 195 233, 15 6 247 290, 12 3 345 350, 8 10 361 384, 
2 7 10 35, 12 9 40 45, 4 13 45 66, 15 3 72 89, 17 13 89 122, 7 9 122 146, 7 20 146 164, 4 8 216 261, 2 11 261 299, 8 8 345 361, 
7 1 0 12, 15 12 18 63, 4 16 90 113, 12 11 113 152, 15 4 152 160, 4 11 299 335, 
2 2 35 41, 15 8 219 247, 1 8 276 323, 17 12 341 358, 15 11 359 365, 
12 15 50 89, 15 14 89 110, 18 5 110 127, 2 4 131 141, 15 7 172 219, 4 10 266 299, 7 13 299 317, 17 20 364 369, 
2 8 90 131, 17 2 134 147, 12 12 152 159, 8 17 160 194, 4 7 196 216, 18 17 216 248, 7 21 269 297, 2 14 299 336, 18 11 350 398, 
15 1 0 18, 17 1 18 62, 12 1 159 188, 8 19 194 210, 1 7 237 276, 17 7 284 303, 18 10 323 350, 17 22 369 386, 12 7 391 406, 
4 15 66 90, 8 3 92 127, 7 10 164 169, 1 4 169 212, 1 6 212 237, 12 4 350 391, 
1 5 71 101, 8 6 127 160, 17 6 160 206, 12 18 326 345, 7 18 345 371, 
1 1 0 10, 2 10 233 257, 
1 2 10 28, 1 3 28 71, 8 2 71 92, 12 2 188 232, 12 5 232 256, 18 9 310 323, 4 12 335 364, 
