2 5 63 96, 18 15 96 112, 17 19 225 231, 15 13 241 250, 17 11 253 277, 7 12 299 326, 17 16 326 331, 15 15 343 385, 8 11 387 402, 
4 1 0 18, 7 19 18 49, 18 14 79 90, 17 18 126 141, 2 9 146 156, 18 3 156 177, 17 9 183 212, 15 5 229 241, 7 11 252 299, 12 6 299 341, 17 17 341 383, 
12 8 0 18, 18 1 31 39, 12 13 47 69, 4 9 150 155, 8 20 223 268, 18 7 268 312, 8 7 312 347, 
8 1 0 50, 12 10 129 147, 7 6 201 247, 18 16 247 265, 2 3 296 336, 
18 12 0 31, 2 1 31 41, 7 2 67 73, 4 4 77 85, 18 6 177 223, 15 6 250 293, 12 3 293 298, 2 6 336 374, 
2 7 0 25, 7 20 49 67, 18 2 67 79, 12 9 79 84, 4 8 105 150, 17 13 150 183, 15 3 183 200, 4 13 200 221, 2 11 221 259, 8 8 347 363, 
7 1 0 12, 15 12 65 110, 12 11 147 186, 12 16 186 196, 15 4 200 208, 8 18 208 223, 4 11 269 305, 4 16 406 429, 
2 2 57 63, 1 8 213 260, 17 12 277 294, 17 15 294 301, 15 11 385 391, 
15 7 0 47, 2 4 47 57, 4 3 57 77, 17 8 109 126, 15 14 208 229, 17 20 231 236, 4 10 236 269, 7 13 326 344, 8 9 363 387, 
8 17 50 84, 4 7 85 105, 2 8 105 146, 7 21 146 174, 12 12 234 241, 2 14 259 296, 18 11 352 400, 18 17 400 432, 
12 1 18 47, 15 1 47 65, 17 1 65 109, 1 7 174 213, 17 22 236 253, 18 10 325 352, 12 7 382 397, 
4 2 18 48, 1 4 71 114, 8 3 114 149, 1 6 149 174, 12 17 196 234, 7 10 247 252, 12 4 341 382, 4 15 382 406, 
1 5 114 144, 8 6 268 301, 7 18 344 370, 12 18 397 416, 
1 1 0 10, 2 10 156 180, 15 10 293 343, 
1 2 10 28, 1 3 28 71, 8 2 84 105, 12 5 105 129, 7 3 174 201, 17 10 212 225, 12 2 241 285, 18 9 312 325, 4 12 325 354, 
