12 14 22 27, 18 4 74 87, 2 5 103 136, 17 19 148 154, 15 13 181 190, 15 15 190 232, 18 15 321 337, 7 12 337 364, 
4 1 0 18, 7 19 18 49, 15 9 75 93, 2 9 93 103, 17 18 133 148, 18 14 158 169, 17 17 199 241, 7 11 287 334, 12 6 350 392, 
12 13 0 22, 18 7 22 66, 18 1 66 74, 4 5 93 122, 7 7 122 144, 8 12 144 187, 17 14 187 199, 4 9 220 225, 8 20 225 270, 12 8 270 288, 
8 1 0 50, 4 6 122 155, 2 3 155 195, 12 10 293 311, 18 16 337 355, 
2 1 66 76, 18 12 100 131, 7 8 162 171, 12 3 171 176, 18 6 275 321, 15 6 328 371, 2 6 387 425, 
2 7 0 25, 4 13 25 46, 17 13 100 133, 7 20 144 162, 4 8 175 220, 2 11 220 258, 7 9 258 282, 12 9 288 293, 
7 1 0 12, 4 16 70 93, 8 18 100 115, 15 12 115 160, 4 11 258 294, 12 11 311 350, 
15 8 47 75, 2 2 86 92, 15 11 250 256, 1 8 256 303, 17 12 362 379, 
15 7 0 47, 2 4 76 86, 12 15 86 125, 15 14 160 181, 4 10 225 258, 18 5 258 275, 17 20 275 280, 7 13 364 382, 
2 8 25 66, 8 17 66 100, 4 7 155 175, 7 21 175 203, 18 11 203 251, 17 2 251 264, 8 15 270 306, 8 13 306 350, 2 14 350 387, 12 12 392 399, 18 17 399 431, 
12 1 27 56, 17 1 56 100, 18 10 131 158, 1 7 169 208, 15 1 232 250, 17 22 280 297, 17 7 343 362, 12 7 399 414, 
4 15 46 70, 1 4 71 114, 1 6 144 169, 12 4 195 236, 7 10 282 287, 15 2 287 328, 
1 5 114 144, 12 18 176 195, 17 6 297 343, 7 18 382 408, 
1 1 0 10, 2 10 195 219, 8 14 350 381, 8 16 381 409, 
1 2 10 28, 1 3 28 71, 18 9 87 100, 12 2 125 169, 12 5 236 260, 4 12 294 323, 
