18 15 62 78, 2 5 84 117, 17 19 224 230, 15 13 232 241, 15 15 241 283, 17 11 283 307, 7 12 307 334, 17 16 362 367, 8 11 376 391, 
4 1 0 18, 7 19 18 49, 18 14 51 62, 18 3 78 99, 17 18 108 123, 17 9 182 211, 2 9 211 221, 7 11 233 280, 12 6 280 322, 17 17 367 409, 
12 8 0 18, 18 1 31 39, 12 13 47 69, 4 9 149 154, 8 20 180 225, 18 7 225 269, 8 7 269 304, 
8 1 0 50, 12 10 98 116, 7 6 159 205, 18 16 205 223, 2 3 320 360, 
18 12 0 31, 2 1 31 41, 4 4 68 76, 7 2 76 82, 18 6 99 145, 12 3 268 273, 15 6 324 367, 2 6 367 405, 
2 7 0 25, 18 2 39 51, 7 20 51 69, 12 9 69 74, 4 8 104 149, 17 13 149 182, 4 13 182 203, 2 11 245 283, 8 8 304 320, 
7 1 0 12, 15 12 18 63, 12 11 116 155, 12 16 155 165, 8 18 165 180, 4 11 268 304, 4 16 389 412, 
2 2 78 84, 15 11 226 232, 1 8 291 338, 17 12 338 355, 17 15 355 362, 
4 3 48 68, 2 4 68 78, 17 8 91 108, 15 7 108 155, 15 14 205 226, 17 20 230 235, 4 10 235 268, 7 13 334 352, 8 9 352 376, 
8 17 50 84, 4 7 84 104, 7 21 104 132, 2 8 132 173, 12 12 203 210, 2 14 283 320, 18 11 320 368, 18 17 368 400, 
15 1 0 18, 12 1 18 47, 17 1 47 91, 17 22 235 252, 1 7 252 291, 18 10 291 318, 12 7 365 380, 
4 2 18 48, 1 4 71 114, 8 3 119 154, 12 17 165 203, 1 6 203 228, 7 10 228 233, 15 2 283 324, 12 4 324 365, 4 15 365 389, 
1 5 114 144, 8 6 225 258, 7 18 352 378, 12 18 380 399, 
1 1 0 10, 15 10 155 205, 2 10 221 245, 
1 2 10 28, 1 3 28 71, 12 5 74 98, 8 2 98 119, 7 3 132 159, 17 10 211 224, 12 2 224 268, 18 9 269 282, 4 12 304 333, 
