2 5 84 117, 18 15 117 133, 15 13 202 211, 15 15 211 253, 7 12 270 297, 8 11 342 357, 17 11 357 381, 
4 1 0 18, 7 19 18 49, 17 17 49 91, 18 14 104 115, 17 18 115 130, 18 3 133 154, 2 9 173 183, 7 11 223 270, 12 6 274 316, 17 9 326 355, 
12 8 0 18, 17 14 33 45, 12 13 47 69, 18 1 69 77, 17 21 130 145, 4 9 149 154, 8 20 170 215, 18 7 223 267, 8 7 267 302, 
8 1 0 50, 12 10 98 116, 7 6 159 205, 18 16 205 223, 2 3 282 322, 
18 12 0 31, 2 1 58 68, 4 4 68 76, 7 2 92 98, 18 6 154 200, 12 3 269 274, 15 6 294 337, 2 6 337 375, 
17 13 0 33, 2 7 33 58, 12 9 69 74, 7 20 74 92, 18 2 92 104, 4 8 104 149, 4 13 154 175, 2 11 207 245, 8 8 302 318, 
7 1 0 12, 15 12 18 63, 12 11 116 155, 8 18 155 170, 12 16 170 180, 4 11 246 282, 4 16 381 404, 
2 2 78 84, 15 11 196 202, 1 8 228 275, 17 12 381 398, 
4 3 48 68, 2 4 68 78, 15 7 78 125, 15 14 175 196, 17 8 196 213, 4 10 213 246, 7 13 297 315, 8 9 318 342, 
8 17 50 84, 4 7 84 104, 7 21 104 132, 2 8 132 173, 12 12 218 225, 2 14 245 282, 18 11 309 357, 18 17 357 389, 
15 1 0 18, 12 1 18 47, 17 1 145 189, 1 7 189 228, 18 10 282 309, 17 22 309 326, 12 7 357 372, 
4 2 18 48, 1 4 71 114, 8 3 119 154, 1 6 154 179, 12 17 180 218, 7 10 218 223, 15 2 253 294, 12 4 316 357, 4 15 357 381, 
1 5 114 144, 8 6 215 248, 7 18 315 341, 12 18 372 391, 
1 1 0 10, 15 10 125 175, 2 10 183 207, 
1 2 10 28, 1 3 28 71, 12 5 74 98, 8 2 98 119, 7 3 132 159, 12 2 225 269, 18 9 269 282, 17 10 282 295, 4 12 295 324, 
