12 14 165 170, 2 5 170 203, 15 13 212 221, 17 16 244 249, 15 15 314 356, 8 11 362 377, 
7 19 12 43, 17 18 43 58, 4 1 68 86, 2 9 87 97, 18 3 109 130, 12 6 170 212, 7 11 212 259, 15 5 259 271, 17 17 271 313, 
18 1 0 8, 18 7 8 52, 7 7 64 86, 4 5 86 115, 12 13 119 141, 17 21 154 169, 8 20 169 214, 4 9 219 224, 12 8 227 245, 8 7 287 322, 
8 1 34 84, 4 6 115 148, 2 3 263 303, 12 10 303 321, 18 16 327 345, 
12 3 73 78, 7 8 86 95, 2 1 97 107, 18 6 130 176, 18 12 224 255, 15 6 271 314, 2 6 340 378, 
4 13 0 21, 2 7 21 46, 7 20 46 64, 17 13 64 97, 18 2 97 109, 15 3 121 138, 7 9 138 162, 4 8 174 219, 2 11 219 257, 12 9 257 262, 8 8 322 338, 
7 1 0 12, 4 16 45 68, 15 4 138 146, 15 12 146 191, 4 11 257 293, 7 17 293 313, 12 11 321 360, 
15 11 115 121, 17 15 169 176, 2 2 257 263, 7 15 279 290, 1 8 318 365, 17 12 365 382, 
15 7 0 47, 2 4 139 149, 15 14 191 212, 4 10 224 257, 12 15 262 301, 18 13 301 327, 8 9 338 362, 
8 17 0 34, 2 8 46 87, 7 21 95 123, 17 2 141 154, 4 7 154 174, 18 11 176 224, 2 14 303 340, 18 17 345 377, 12 12 379 386, 
12 1 0 29, 15 1 47 65, 18 10 65 92, 17 1 97 141, 8 19 141 157, 12 7 212 227, 17 22 227 244, 7 14 259 279, 1 7 279 318, 17 7 318 337, 
4 15 21 45, 12 4 78 119, 1 4 146 189, 7 10 189 194, 1 6 194 219, 8 3 219 254, 
18 8 52 62, 1 5 116 146, 17 6 176 222, 8 6 254 287, 7 18 313 339, 12 18 360 379, 
1 1 0 10, 15 10 65 115, 2 10 115 139, 
1 2 10 28, 12 2 29 73, 1 3 73 116, 8 2 116 137, 12 5 141 165, 4 12 293 322, 
