15 13 57 66, 12 14 93 98, 18 15 125 141, 2 5 142 175, 17 16 248 253, 15 15 319 361, 8 11 372 387, 
7 19 12 43, 4 1 45 63, 17 18 86 101, 18 14 101 112, 2 9 132 142, 7 11 153 200, 12 6 233 275, 17 17 275 317, 18 3 317 338, 
18 7 0 44, 18 1 44 52, 12 13 53 75, 12 8 75 93, 7 7 93 115, 17 21 115 130, 8 20 132 177, 4 9 254 259, 8 7 266 301, 
2 3 26 66, 8 1 66 116, 12 10 176 194, 18 16 216 234, 17 3 237 248, 
2 1 0 10, 18 12 52 83, 7 8 115 124, 4 4 136 144, 2 6 175 213, 15 6 270 313, 12 3 326 331, 18 6 338 384, 
4 13 0 21, 7 20 43 61, 2 7 66 91, 7 9 124 148, 12 9 171 176, 17 13 176 209, 4 8 209 254, 18 2 266 278, 2 11 294 332, 8 8 332 348, 
7 1 0 12, 15 12 12 57, 4 16 113 136, 12 11 194 233, 7 17 233 253, 4 11 292 328, 17 5 330 341, 
2 2 20 26, 17 15 209 216, 7 15 220 231, 15 11 313 319, 1 8 319 366, 17 12 366 383, 
2 4 10 20, 4 3 93 113, 12 15 113 152, 15 7 152 199, 15 14 199 220, 4 10 259 292, 8 9 348 372, 
8 17 0 34, 17 2 73 86, 2 8 91 132, 4 7 144 164, 18 11 168 216, 18 17 234 266, 12 12 275 282, 7 21 282 310, 2 14 332 369, 
12 1 0 29, 17 1 29 73, 15 1 73 91, 8 19 116 132, 18 10 141 168, 7 14 200 220, 17 22 220 237, 1 7 258 297, 17 7 341 360, 12 7 372 387, 
4 15 21 45, 4 2 63 93, 15 2 93 134, 7 10 148 153, 1 4 153 196, 8 3 198 233, 1 6 233 258, 17 4 317 330, 12 4 331 372, 
1 5 28 58, 12 18 152 171, 8 6 233 266, 7 18 310 336, 
1 1 0 10, 15 10 220 270, 2 10 270 294, 
1 2 10 28, 12 5 29 53, 1 3 58 101, 18 9 112 125, 8 2 177 198, 12 2 282 326, 4 12 328 357, 
