12 1 0 31, 4 13 86 114, 17 16 162 167, 1 7 233 273, 17 11 350 374, 18 15 374 390, 
4 1 0 18, 17 18 79 94, 7 19 128 159, 18 3 159 180, 17 17 180 222, 12 6 229 271, 12 13 271 297, 17 9 321 350, 18 14 355 366, 15 5 366 378, 
4 5 18 47, 8 12 50 93, 12 8 106 124, 15 14 154 176, 4 9 232 237, 18 10 279 307, 
8 1 0 50, 7 6 82 128, 12 10 131 149, 2 3 179 219, 17 12 374 395, 18 16 395 413, 
4 6 47 86, 12 3 101 106, 15 12 106 154, 17 15 154 162, 8 18 206 224, 2 6 224 262, 4 10 262 301, 15 6 378 421, 
17 13 46 79, 7 10 159 167, 15 13 176 187, 4 8 187 232, 15 3 255 272, 17 22 272 291, 7 20 325 343, 
7 1 0 12, 2 4 13 33, 2 5 33 73, 18 7 73 121, 12 11 190 229, 15 4 279 287, 2 13 299 338, 7 21 343 376, 
18 1 0 13, 12 2 55 101, 2 2 106 112, 18 2 121 134, 18 6 180 227, 18 9 227 243, 7 12 243 273, 2 12 273 299, 1 8 299 346, 
1 1 0 13, 15 7 13 60, 7 11 167 215, 4 16 237 262, 17 8 291 308, 12 15 308 347, 
17 1 0 46, 4 7 114 134, 8 17 134 168, 4 14 168 186, 8 13 224 268, 18 11 307 355, 12 12 362 369, 
1 2 13 37, 2 7 73 106, 15 1 187 205, 4 11 301 342, 12 7 347 362, 
7 2 12 23, 1 6 67 92, 12 4 149 190, 1 4 190 233, 17 21 233 251, 8 20 268 316, 15 15 316 363, 2 14 363 403, 
1 5 37 67, 8 15 168 206, 15 11 272 279, 12 14 297 306, 7 13 306 325, 8 14 325 357, 12 18 369 388, 7 18 388 414, 
2 1 0 13, 12 9 124 131, 15 10 205 255, 8 16 357 385, 18 17 413 448, 
12 5 31 55, 7 3 55 82, 1 3 92 135, 2 8 135 179, 18 12 243 279, 17 10 308 321, 4 12 342 371, 
