12 14 22 27, 18 4 74 87, 2 5 138 171, 15 13 210 219, 15 15 219 261, 17 11 287 311, 18 15 322 338, 17 19 338 344, 
7 19 12 43, 4 1 43 61, 15 9 75 93, 2 9 128 138, 17 17 138 180, 18 14 183 194, 7 11 194 241, 17 9 258 287, 17 18 311 326, 12 6 331 373, 
12 13 0 22, 18 7 22 66, 18 1 66 74, 7 7 94 116, 17 14 116 128, 4 5 129 158, 8 20 158 203, 8 12 203 246, 12 8 246 264, 4 9 264 269, 
8 1 0 50, 4 6 158 191, 2 3 191 231, 12 10 269 287, 18 16 338 356, 
2 1 66 76, 7 8 116 125, 18 12 125 156, 12 3 156 161, 18 6 276 322, 15 6 326 369, 2 6 376 414, 
2 7 0 25, 7 20 43 61, 4 13 61 82, 17 13 82 115, 7 9 125 149, 4 8 211 256, 12 9 264 269, 2 11 269 307, 
7 1 0 12, 4 16 106 129, 8 18 129 144, 15 12 144 189, 7 17 272 292, 12 11 292 331, 4 11 331 367, 
15 8 47 75, 2 2 122 128, 7 15 261 272, 15 11 279 285, 1 8 318 365, 17 12 366 383, 
15 7 0 47, 12 15 73 112, 2 4 112 122, 15 14 189 210, 17 8 210 227, 18 5 259 276, 4 10 276 309, 17 20 344 349, 
2 8 25 66, 7 21 66 94, 8 17 94 128, 4 7 191 211, 18 11 211 259, 8 15 259 295, 8 13 295 339, 2 14 339 376, 12 12 376 383, 18 17 383 415, 
17 1 0 44, 12 1 44 73, 18 10 156 183, 7 14 241 261, 15 1 261 279, 1 7 279 318, 17 22 349 366, 12 7 383 398, 
4 15 82 106, 1 4 106 149, 7 10 149 154, 12 4 180 221, 1 6 221 246, 15 2 285 326, 
12 18 161 180, 1 5 180 210, 7 18 292 318, 
1 1 0 10, 2 10 231 255, 8 14 339 370, 8 16 370 398, 
1 2 10 28, 1 3 28 71, 18 9 87 100, 12 2 112 156, 12 5 221 245, 17 10 245 258, 4 12 367 396, 
