12 14 22 27, 18 4 74 87, 17 19 128 134, 2 5 134 167, 15 13 167 176, 15 15 290 332, 18 15 333 349, 7 12 349 376, 
4 1 0 18, 7 19 18 49, 2 9 92 102, 17 18 113 128, 18 14 158 169, 7 11 298 345, 12 6 356 398, 17 17 398 440, 
12 13 0 22, 18 7 22 66, 18 1 66 74, 4 5 93 122, 7 7 122 144, 8 12 144 187, 4 9 220 225, 8 20 225 270, 12 8 276 294, 17 14 367 379, 
8 1 0 50, 4 6 122 155, 17 3 155 166, 2 3 167 207, 12 10 299 317, 18 16 349 367, 
2 1 66 76, 18 12 100 131, 7 8 162 171, 12 3 187 192, 15 6 197 240, 18 6 287 333, 2 6 387 425, 
2 7 0 25, 4 13 25 46, 7 20 144 162, 4 8 175 220, 2 11 231 269, 7 9 269 293, 12 9 294 299, 17 13 300 333, 
7 1 0 12, 4 16 70 93, 8 18 100 115, 15 12 115 160, 17 5 270 281, 4 11 281 317, 12 11 317 356, 
2 2 86 92, 1 8 250 297, 15 11 332 338, 17 12 350 367, 
15 7 0 47, 2 4 76 86, 12 15 94 133, 15 14 176 197, 4 10 225 258, 17 20 265 270, 18 5 270 287, 7 13 376 394, 
2 8 25 66, 8 17 66 100, 17 2 100 113, 4 7 155 175, 7 21 175 203, 18 11 203 251, 8 15 270 306, 8 13 306 350, 2 14 350 387, 12 12 398 405, 18 17 405 437, 
17 1 0 44, 15 1 47 65, 12 1 65 94, 18 10 131 158, 1 7 211 250, 17 7 281 300, 17 22 333 350, 12 7 405 420, 
4 15 46 70, 15 2 70 111, 1 6 143 168, 1 4 168 211, 12 4 211 252, 17 4 252 265, 7 10 293 298, 
1 5 28 58, 12 18 192 211, 7 18 394 420, 
1 1 0 10, 2 10 207 231, 15 10 240 290, 8 14 350 381, 8 16 381 409, 
1 2 10 28, 18 9 87 100, 1 3 100 143, 12 2 143 187, 12 5 252 276, 4 12 317 346, 
