12 14 45 50, 15 13 63 72, 18 4 72 85, 18 15 96 112, 15 15 112 154, 2 5 154 187, 7 12 244 271, 8 11 382 397, 
4 1 0 18, 17 18 18 33, 18 14 85 96, 7 19 96 127, 15 5 162 174, 2 9 187 197, 7 11 197 244, 12 6 256 298, 17 17 298 340, 15 9 340 358, 
12 13 0 22, 12 8 22 40, 17 21 40 55, 18 1 55 63, 7 7 63 85, 4 5 113 142, 17 14 202 214, 8 20 214 259, 4 9 259 264, 18 7 264 308, 8 7 308 343, 
8 1 0 50, 2 3 50 90, 12 10 90 108, 17 3 144 155, 4 6 155 188, 18 16 188 206, 
2 1 0 10, 18 12 10 41, 7 8 85 94, 18 6 129 175, 2 6 197 235, 15 6 249 292, 12 3 317 322, 8 10 359 382, 
2 7 10 35, 12 9 40 45, 4 13 45 66, 15 3 72 89, 7 9 127 151, 7 20 151 169, 17 13 169 202, 4 8 214 259, 2 11 259 297, 8 8 343 359, 
7 1 0 12, 15 12 18 63, 4 16 90 113, 12 11 113 152, 15 4 154 162, 4 11 297 333, 17 5 340 351, 
2 2 35 41, 15 8 221 249, 1 8 281 328, 15 11 358 364, 17 12 370 387, 
12 15 50 89, 15 14 89 110, 18 5 112 129, 2 4 131 141, 15 7 174 221, 4 10 264 297, 7 13 299 317, 
2 8 90 131, 17 2 131 144, 12 12 152 159, 8 17 160 194, 4 7 194 214, 18 17 214 246, 7 21 271 299, 2 14 299 336, 18 11 348 396, 
15 1 0 18, 17 1 55 99, 12 1 159 188, 8 19 194 210, 17 22 214 231, 1 7 242 281, 18 10 321 348, 17 7 351 370, 12 7 370 385, 
4 15 66 90, 8 3 92 127, 7 10 169 174, 1 4 174 217, 1 6 217 242, 17 4 242 255, 12 4 322 363, 
1 5 71 101, 8 6 127 160, 12 18 298 317, 7 18 317 343, 
1 1 0 10, 2 10 235 259, 
1 2 10 28, 1 3 28 71, 8 2 71 92, 12 2 188 232, 12 5 232 256, 18 9 308 321, 4 12 333 362, 
