12 14 22 27, 18 4 74 87, 2 5 103 136, 15 13 181 190, 15 15 190 232, 17 11 240 264, 17 19 279 285, 18 15 321 337, 7 12 337 364, 
4 1 0 18, 7 19 18 49, 15 9 75 93, 2 9 93 103, 17 17 103 145, 18 14 158 169, 17 9 211 240, 17 18 264 279, 7 11 287 334, 12 6 348 390, 
12 13 0 22, 18 7 22 66, 18 1 66 74, 17 14 79 91, 4 5 93 122, 7 7 122 144, 8 20 144 189, 4 9 220 225, 8 12 225 268, 12 8 268 286, 
8 1 0 50, 4 6 122 155, 2 3 155 195, 12 10 291 309, 18 16 337 355, 
2 1 66 76, 18 12 100 131, 7 8 162 171, 12 3 171 176, 18 6 275 321, 15 6 328 371, 2 6 385 423, 
2 7 0 25, 4 13 25 46, 17 13 46 79, 7 20 144 162, 4 8 175 220, 2 11 220 258, 7 9 258 282, 12 9 286 291, 
7 1 0 12, 4 16 70 93, 8 18 100 115, 15 12 115 160, 4 11 258 294, 12 11 309 348, 
15 8 47 75, 2 2 86 92, 15 11 250 256, 1 8 256 303, 17 12 307 324, 
15 7 0 47, 2 4 76 86, 12 15 86 125, 15 14 160 181, 17 8 181 198, 4 10 225 258, 18 5 258 275, 17 20 285 290, 7 13 364 382, 
2 8 25 66, 8 17 66 100, 4 7 155 175, 7 21 175 203, 18 11 203 251, 8 15 268 304, 8 13 304 348, 2 14 348 385, 12 12 390 397, 18 17 397 429, 
17 1 0 44, 12 1 44 73, 18 10 131 158, 1 7 169 208, 15 1 232 250, 17 22 290 307, 12 7 397 412, 
4 15 46 70, 1 4 71 114, 1 6 144 169, 12 4 195 236, 7 10 282 287, 15 2 287 328, 
1 5 114 144, 12 18 176 195, 7 18 382 408, 
1 1 0 10, 2 10 195 219, 8 14 348 379, 8 16 379 407, 
1 2 10 28, 1 3 28 71, 18 9 87 100, 12 2 125 169, 17 10 198 211, 12 5 236 260, 4 12 294 323, 
