18 4 122 135, 18 15 152 168, 2 5 168 201, 15 13 223 232, 17 16 304 309, 7 12 309 336, 8 11 336 351, 15 15 351 393, 
4 1 0 18, 17 18 18 33, 7 19 33 64, 2 9 89 99, 18 14 111 122, 12 6 143 185, 15 5 232 244, 7 11 244 291, 17 17 309 351, 
12 8 0 18, 18 7 18 62, 18 1 62 70, 8 20 128 173, 12 13 185 207, 17 21 207 222, 4 9 222 227, 8 7 241 276, 
12 10 23 41, 8 1 41 91, 7 6 163 209, 2 3 266 306, 18 16 306 324, 
7 2 12 18, 18 12 70 101, 2 1 101 111, 4 4 149 157, 18 6 199 245, 12 3 251 256, 15 6 256 299, 2 6 343 381, 
12 9 18 23, 2 7 23 48, 17 13 48 81, 4 13 81 102, 7 20 102 120, 15 3 121 138, 4 8 177 222, 2 11 222 260, 8 8 276 292, 
7 1 0 12, 12 11 41 80, 4 16 126 149, 15 4 149 157, 15 12 157 202, 4 11 260 296, 12 16 297 307, 
15 11 115 121, 17 15 222 229, 2 2 260 266, 1 8 272 319, 17 12 370 387, 
15 7 0 47, 4 3 48 68, 18 5 135 152, 2 4 152 162, 15 14 202 223, 4 10 227 260, 8 9 292 316, 7 13 336 354, 
8 17 0 34, 2 8 48 89, 12 12 136 143, 4 7 157 177, 17 2 177 190, 7 21 209 237, 18 11 245 293, 2 14 306 343, 18 17 343 375, 
15 1 47 65, 12 1 80 109, 8 19 112 128, 17 1 128 172, 18 10 172 199, 1 7 233 272, 17 22 287 304, 17 7 351 370, 12 7 370 385, 
4 2 18 48, 4 15 102 126, 1 4 126 169, 8 3 173 208, 1 6 208 233, 7 10 237 242, 12 4 256 297, 12 17 307 345, 
18 8 101 111, 1 5 169 199, 8 6 208 241, 17 6 241 287, 12 18 345 364, 7 18 364 390, 
1 1 0 10, 15 10 65 115, 2 10 115 139, 
1 2 10 28, 1 3 28 71, 8 2 91 112, 12 5 112 136, 7 3 136 163, 12 2 207 251, 4 12 296 325, 
