18 15 115 131, 2 5 131 164, 15 13 192 201, 15 15 201 243, 7 12 262 289, 17 11 353 377, 8 11 377 392, 
4 1 0 18, 7 19 18 49, 17 17 49 91, 18 14 104 115, 17 18 115 130, 18 3 131 152, 2 9 205 215, 7 11 215 262, 12 6 263 305, 17 9 324 353, 
12 8 0 18, 17 14 33 45, 12 13 47 69, 18 1 69 77, 17 21 130 145, 4 9 149 154, 8 20 154 199, 18 7 223 267, 8 7 280 315, 
8 1 0 50, 12 10 98 116, 7 6 159 205, 18 16 205 223, 2 3 314 354, 
18 12 0 31, 2 1 58 68, 4 4 68 76, 7 2 92 98, 18 6 152 198, 12 3 258 263, 15 6 288 331, 8 10 331 354, 2 6 354 392, 
17 13 0 33, 2 7 33 58, 12 9 69 74, 7 20 74 92, 18 2 92 104, 4 8 104 149, 4 13 154 175, 2 11 239 277, 8 8 315 331, 
7 1 0 12, 15 12 18 63, 12 11 116 155, 12 16 155 165, 4 11 239 275, 4 16 370 393, 
2 2 125 131, 15 11 186 192, 1 8 228 275, 17 12 377 394, 
4 3 48 68, 15 7 68 115, 2 4 115 125, 15 14 165 186, 17 8 189 206, 4 10 206 239, 7 13 289 307, 
8 17 50 84, 4 7 84 104, 7 21 104 132, 2 8 164 205, 12 12 207 214, 2 14 277 314, 18 11 314 362, 18 17 362 394, 
15 1 0 18, 12 1 18 47, 8 19 84 100, 17 1 145 189, 1 7 189 228, 18 10 280 307, 17 22 307 324, 12 7 346 361, 
4 2 18 48, 1 4 71 114, 1 6 144 169, 12 17 169 207, 7 10 207 212, 8 3 212 247, 15 2 247 288, 12 4 305 346, 4 15 346 370, 
1 5 114 144, 8 6 247 280, 7 18 307 333, 12 18 361 380, 
1 1 0 10, 15 10 115 165, 2 10 215 239, 
1 2 10 28, 1 3 28 71, 12 5 74 98, 8 2 100 121, 7 3 132 159, 12 2 214 258, 18 9 267 280, 17 10 280 293, 4 12 293 322, 
