10 3 0 22, 2 5 57 90, 11 7 90 130, 15 13 148 157, 3 8 201 207, 15 15 207 249, 14 2 295 305, 3 15 383 393, 
11 8 0 6, 4 1 39 57, 13 18 57 101, 3 5 122 141, 15 5 274 286, 2 9 293 303, 3 14 320 331, 12 6 332 374, 3 11 393 422, 
12 13 0 22, 12 8 22 40, 5 2 40 74, 4 9 247 252, 3 19 262 282, 5 17 284 305, 3 10 344 383, 14 8 383 391, 
5 1 0 29, 3 1 49 78, 2 3 96 136, 12 10 149 167, 10 1 167 200, 14 11 203 245, 6 1 245 278, 14 3 305 313, 14 5 313 322, 14 6 322 349, 13 15 353 357, 5 9 357 394, 
2 1 0 10, 3 7 10 49, 6 16 57 88, 4 4 165 173, 2 6 173 211, 5 15 234 258, 3 9 282 312, 15 6 312 355, 12 3 374 379, 11 4 379 400, 6 3 403 417, 6 4 417 434, 
4 13 0 21, 2 7 21 46, 6 5 88 121, 12 9 144 149, 11 1 149 179, 4 8 202 247, 15 3 249 266, 13 12 283 321, 6 2 321 340, 13 14 340 353, 2 11 353 391, 11 5 400 429, 
12 16 40 50, 15 12 97 142, 4 16 142 165, 12 11 167 206, 3 18 233 262, 15 4 266 274, 3 3 312 320, 3 4 331 344, 4 11 347 383, 6 14 393 403, 5 18 403 437, 
13 17 0 15, 5 14 74 85, 2 2 90 96, 15 11 142 148, 6 8 340 378, 1 8 378 425, 
15 7 0 47, 2 4 47 57, 4 3 87 107, 6 7 139 156, 15 14 157 178, 6 20 197 221, 14 1 252 295, 10 9 295 314, 4 10 314 347, 
4 14 21 39, 11 6 39 66, 6 6 121 139, 6 18 156 182, 4 7 182 202, 12 12 206 213, 3 17 213 233, 14 13 245 252, 2 8 252 293, 13 13 321 337, 2 14 391 428, 
3 2 141 168, 15 1 178 196, 12 1 213 242, 13 1 242 283, 5 6 305 333, 1 7 333 372, 6 9 378 393, 12 7 420 435, 
14 9 0 10, 6 17 13 57, 4 2 57 87, 12 17 87 125, 10 7 125 157, 6 19 182 197, 10 8 200 244, 1 6 244 269, 1 4 269 312, 10 10 314 359, 12 4 379 420, 3 12 422 438, 
12 18 125 144, 1 5 165 195, 3 6 207 212, 5 5 226 234, 11 9 234 270, 5 16 270 284, 11 3 363 371, 
6 15 0 13, 1 1 13 23, 15 10 47 97, 14 12 97 126, 3 13 168 201, 5 4 201 226, 2 10 303 327, 11 2 327 363, 10 11 363 380, 13 16 380 393, 
1 2 23 41, 3 16 78 122, 1 3 122 165, 5 3 165 178, 14 10 178 203, 10 2 244 264, 12 2 264 308, 12 5 308 332, 4 12 383 412, 
