10 3 0 22, 2 5 57 90, 11 7 103 143, 15 13 148 157, 3 8 207 213, 15 15 213 255, 14 2 323 333, 3 15 388 398, 
4 1 39 57, 13 18 57 101, 3 5 128 147, 11 8 147 153, 15 5 280 292, 2 9 293 303, 3 14 325 336, 12 6 342 384, 3 11 398 427, 
12 13 0 22, 5 2 29 63, 12 8 63 81, 4 9 247 252, 3 19 267 287, 5 17 287 308, 3 10 349 388, 14 8 438 446, 
5 1 0 29, 3 1 49 78, 2 3 96 136, 10 1 136 169, 12 10 181 199, 14 11 199 241, 6 1 241 274, 14 3 333 341, 14 5 341 350, 13 15 360 364, 5 9 374 411, 14 6 411 438, 
2 1 0 10, 3 7 10 49, 6 16 57 88, 4 4 165 173, 2 6 173 211, 5 15 211 235, 3 9 287 317, 15 6 317 360, 11 4 360 381, 12 3 384 389, 6 3 389 403, 6 4 403 420, 
4 13 0 21, 2 7 21 46, 11 1 46 76, 6 5 88 121, 12 9 176 181, 4 8 202 247, 15 3 255 272, 6 2 274 293, 13 12 293 331, 13 14 347 360, 2 11 360 398, 11 5 398 427, 
12 16 81 91, 15 12 97 142, 4 16 142 165, 12 11 199 238, 3 18 238 267, 15 4 272 280, 3 3 317 325, 3 4 336 349, 6 14 349 359, 4 11 359 395, 5 18 411 445, 
13 17 0 15, 5 14 63 74, 2 2 90 96, 15 11 142 148, 6 8 293 331, 1 8 331 378, 
15 7 0 47, 2 4 47 57, 4 3 87 107, 6 7 139 156, 15 14 157 178, 6 20 197 221, 10 9 261 280, 14 1 280 323, 4 10 323 356, 
4 14 21 39, 11 6 76 103, 6 6 121 139, 6 18 156 182, 4 7 182 202, 3 17 218 238, 12 12 238 245, 14 13 245 252, 2 8 252 293, 13 13 331 347, 2 14 398 435, 
13 1 101 142, 3 2 147 174, 15 1 178 196, 12 1 245 274, 1 7 284 323, 6 9 331 346, 5 6 346 374, 12 7 430 445, 
14 9 0 10, 6 17 13 57, 4 2 57 87, 10 7 87 119, 12 17 119 157, 1 6 157 182, 6 19 182 197, 10 8 197 241, 1 4 241 284, 10 10 284 329, 12 4 389 430, 3 12 430 446, 
1 5 84 114, 12 18 157 176, 5 5 176 184, 3 6 213 218, 11 9 218 254, 5 16 254 268, 11 3 290 298, 
6 15 0 13, 1 1 13 23, 15 10 47 97, 14 12 97 126, 5 4 141 166, 3 13 174 207, 11 2 254 290, 2 10 303 327, 10 11 329 346, 13 16 364 377, 
1 2 23 41, 1 3 41 84, 3 16 84 128, 5 3 128 141, 14 10 141 166, 10 2 241 261, 12 2 274 318, 12 5 318 342, 4 12 395 424, 
