10 3 0 22, 11 7 27 67, 2 5 92 125, 15 13 169 178, 3 8 185 191, 15 15 238 280, 14 2 289 299, 3 15 312 322, 
4 1 0 18, 11 8 67 73, 3 5 112 131, 13 18 131 175, 2 9 175 185, 12 6 186 228, 15 5 288 300, 3 14 301 312, 3 11 382 411, 
12 8 0 18, 12 13 47 69, 4 5 69 98, 5 2 98 132, 5 17 188 209, 3 19 224 244, 4 9 296 301, 3 10 343 382, 14 8 385 393, 
3 1 0 29, 5 1 29 58, 6 1 67 100, 12 10 100 118, 4 6 118 151, 2 3 185 225, 14 11 247 289, 10 1 292 325, 14 3 325 333, 14 5 333 342, 13 15 342 346, 5 9 346 383, 
2 1 0 10, 3 7 73 112, 6 16 119 150, 5 15 150 174, 3 9 244 274, 6 3 274 288, 12 3 288 293, 2 6 293 331, 11 4 336 357, 6 4 376 393, 15 6 393 436, 
2 7 16 41, 4 13 41 62, 12 9 69 74, 6 2 100 119, 11 1 119 149, 6 5 150 183, 13 12 183 221, 15 3 221 238, 13 14 238 251, 4 8 251 296, 2 11 355 393, 11 5 393 422, 
15 12 103 148, 3 18 156 185, 4 16 189 212, 12 16 228 238, 12 11 238 277, 15 4 280 288, 3 3 322 330, 3 4 330 343, 4 11 356 392, 5 18 392 426, 6 14 426 436, 
2 2 10 16, 5 14 58 69, 15 11 97 103, 13 17 103 118, 1 8 250 297, 6 8 323 361, 
15 7 0 47, 2 4 82 92, 14 1 92 135, 15 14 148 169, 10 9 169 188, 6 20 230 254, 6 7 306 323, 4 10 323 356, 14 7 356 385, 
11 6 0 27, 2 8 41 82, 3 17 131 151, 4 7 151 171, 4 14 171 189, 6 18 189 215, 13 13 221 237, 6 6 288 306, 12 12 306 313, 14 13 342 349, 2 14 393 430, 
12 1 18 47, 13 1 47 88, 15 1 178 196, 1 7 211 250, 3 2 274 301, 5 6 301 329, 6 9 361 376, 12 7 411 426, 
14 9 0 10, 6 17 23 67, 10 7 67 99, 10 8 99 143, 1 4 143 186, 1 6 186 211, 6 19 215 230, 10 10 230 275, 12 17 313 351, 12 4 351 392, 3 12 411 427, 
1 5 28 58, 3 6 151 156, 5 16 174 188, 11 9 188 224, 5 5 249 257, 11 3 328 336, 12 18 392 411, 
1 1 0 10, 6 15 10 23, 15 10 47 97, 14 12 135 164, 3 13 191 224, 5 4 224 249, 10 11 275 292, 11 2 292 328, 2 10 331 355, 13 16 355 368, 
1 2 10 28, 3 16 29 73, 1 3 73 116, 12 2 118 162, 12 5 162 186, 5 3 209 222, 14 10 222 247, 10 2 325 345, 4 12 392 421, 
