2 5 20 53, 12 14 53 58, 15 13 66 75, 15 15 75 117, 3 8 146 152, 10 3 152 174, 3 15 174 184, 14 2 186 196, 11 7 242 282, 
11 8 0 6, 4 1 68 86, 2 9 128 138, 3 14 152 163, 15 9 230 248, 15 5 256 268, 3 11 282 311, 12 6 312 354, 13 18 354 398, 3 5 411 430, 
12 13 0 22, 12 8 22 40, 4 5 86 115, 4 9 213 218, 3 10 243 282, 5 17 293 314, 3 19 327 347, 14 8 347 355, 
5 1 0 29, 10 1 29 62, 5 10 62 91, 12 10 92 110, 4 6 115 148, 6 1 148 181, 2 3 181 221, 14 11 221 263, 14 3 270 278, 14 5 278 287, 13 15 299 303, 14 6 303 330, 3 1 347 376, 
2 1 0 10, 3 7 10 49, 3 9 184 214, 6 16 224 255, 5 15 255 279, 2 6 279 317, 11 4 320 341, 12 3 354 359, 6 3 359 373, 15 6 373 416, 6 4 416 433, 
4 13 0 21, 6 5 23 56, 2 7 56 81, 12 9 87 92, 11 1 92 122, 5 12 132 158, 4 8 168 213, 15 3 213 230, 13 12 230 268, 13 14 286 299, 6 2 333 352, 2 11 352 390, 11 5 390 419, 
15 12 0 45, 4 16 45 68, 12 11 110 149, 3 18 214 243, 15 4 248 256, 6 14 299 309, 5 18 314 348, 4 11 366 402, 3 3 403 411, 3 4 435 448, 
5 14 29 40, 2 2 122 128, 15 8 182 210, 6 10 270 284, 13 17 316 331, 1 8 338 385, 15 11 416 422, 
2 4 10 20, 15 14 45 66, 14 1 66 109, 15 7 117 164, 6 7 207 224, 12 15 230 269, 10 9 269 288, 6 20 309 333, 4 10 333 366, 
6 6 56 74, 2 8 81 122, 3 17 126 146, 4 7 148 168, 6 18 181 207, 11 6 215 242, 14 13 263 270, 13 13 270 286, 12 12 359 366, 2 14 390 427, 
13 1 0 41, 12 1 58 87, 15 1 164 182, 6 9 284 299, 1 7 299 338, 3 2 376 403, 12 7 413 428, 
14 9 0 10, 4 15 21 45, 6 17 74 118, 1 4 118 161, 10 7 174 206, 10 8 206 250, 6 19 255 270, 1 6 270 295, 3 12 311 327, 10 10 327 372, 12 4 372 413, 
11 9 6 42, 1 5 161 191, 5 16 279 293, 12 18 293 312, 11 3 312 320, 3 6 430 435, 
1 1 0 10, 6 15 10 23, 3 13 49 82, 5 11 91 132, 14 12 132 161, 5 13 161 179, 11 2 179 215, 13 16 303 316, 2 10 317 341, 10 11 372 389, 
1 2 10 28, 1 3 28 71, 3 16 82 126, 10 2 126 146, 14 10 161 186, 12 2 186 230, 12 5 269 293, 4 12 402 431, 
