10 3 0 22, 2 5 57 90, 11 7 103 143, 15 13 148 157, 3 8 201 207, 15 15 207 249, 14 2 326 336, 3 15 383 393, 
4 1 39 57, 13 18 57 101, 3 5 122 141, 11 8 143 149, 2 9 274 284, 15 5 284 296, 3 14 320 331, 12 6 332 374, 3 11 393 422, 
12 13 0 22, 12 8 22 40, 5 2 40 74, 4 9 247 252, 3 19 262 282, 5 17 284 305, 3 10 344 383, 14 8 421 429, 
5 1 0 29, 3 1 49 78, 2 3 96 136, 12 10 149 167, 10 1 167 200, 14 11 203 245, 6 1 245 278, 14 3 336 344, 5 9 344 381, 13 15 381 385, 14 5 385 394, 14 6 394 421, 
2 1 0 10, 3 7 10 49, 6 16 57 88, 4 4 165 173, 2 6 173 211, 5 15 234 258, 3 9 282 312, 15 6 312 355, 6 3 360 374, 12 3 374 379, 11 4 379 400, 6 4 400 417, 
4 13 0 21, 2 7 21 46, 11 1 46 76, 6 5 88 121, 12 9 144 149, 4 8 202 247, 15 3 249 266, 6 2 278 297, 13 12 297 335, 13 14 351 364, 2 11 364 402, 11 5 402 431, 
12 16 40 50, 15 12 97 142, 4 16 142 165, 12 11 167 206, 3 18 233 262, 15 4 266 274, 3 3 312 320, 3 4 331 344, 6 14 350 360, 4 11 360 396, 5 18 396 430, 
13 17 0 15, 5 14 74 85, 2 2 90 96, 15 11 142 148, 6 8 297 335, 1 8 389 436, 
15 7 0 47, 2 4 47 57, 4 3 87 107, 6 7 139 156, 15 14 157 178, 6 20 197 221, 10 9 264 283, 14 1 283 326, 4 10 326 359, 
4 14 21 39, 11 6 76 103, 6 6 121 139, 6 18 156 182, 4 7 182 202, 12 12 206 213, 3 17 213 233, 2 8 233 274, 14 13 274 281, 13 13 335 351, 2 14 402 439, 
3 2 141 168, 15 1 178 196, 12 1 213 242, 13 1 242 283, 5 6 305 333, 6 9 335 350, 1 7 350 389, 12 7 420 435, 
14 9 0 10, 6 17 13 57, 4 2 57 87, 12 17 87 125, 10 7 125 157, 6 19 182 197, 10 8 200 244, 1 6 244 269, 1 4 269 312, 10 10 312 357, 12 4 379 420, 3 12 422 438, 
12 18 125 144, 1 5 165 195, 3 6 207 212, 5 5 226 234, 11 9 234 270, 5 16 270 284, 11 3 306 314, 
6 15 0 13, 1 1 13 23, 15 10 47 97, 14 12 97 126, 3 13 168 201, 5 4 201 226, 11 2 270 306, 2 10 306 330, 10 11 357 374, 13 16 385 398, 
1 2 23 41, 3 16 78 122, 1 3 122 165, 5 3 165 178, 14 10 178 203, 10 2 244 264, 12 2 264 308, 12 5 308 332, 4 12 396 425, 
