10 3 61 83, 11 7 114 154, 15 13 154 163, 3 8 214 220, 15 15 220 262, 2 5 282 315, 14 2 347 357, 3 15 395 405, 
4 1 39 57, 13 18 57 101, 3 5 135 154, 11 8 154 160, 15 5 298 310, 3 14 332 343, 12 6 343 385, 3 11 405 434, 
12 13 0 22, 12 8 22 40, 5 2 62 96, 4 9 247 252, 5 17 252 273, 3 19 274 294, 3 10 356 395, 14 8 436 444, 
10 1 0 33, 5 1 33 62, 3 1 62 91, 2 12 108 133, 12 10 149 167, 14 11 173 215, 6 1 221 254, 13 15 311 315, 2 3 315 355, 5 9 355 392, 14 3 392 400, 14 5 400 409, 14 6 409 436, 
3 7 0 39, 6 16 57 88, 2 1 88 98, 4 4 165 173, 5 15 181 205, 11 4 261 282, 3 9 294 324, 15 6 324 367, 6 3 367 381, 12 3 385 390, 2 6 390 428, 6 4 428 445, 
4 13 0 21, 2 7 21 46, 11 1 46 76, 6 5 88 121, 12 9 144 149, 13 12 149 187, 4 8 202 247, 6 2 254 273, 15 3 273 290, 13 14 298 311, 11 5 311 340, 
12 16 40 50, 15 12 97 142, 4 16 142 165, 12 11 167 206, 2 13 206 245, 3 18 245 274, 15 4 290 298, 3 3 324 332, 6 14 332 342, 3 4 343 356, 4 11 356 392, 5 18 392 426, 
13 17 0 15, 5 14 96 107, 2 2 133 139, 15 11 142 148, 6 8 273 311, 1 8 367 414, 
15 7 0 47, 2 4 98 108, 4 3 108 128, 6 7 139 156, 15 14 163 184, 6 20 197 221, 4 10 252 285, 10 9 285 304, 14 1 304 347, 
4 14 21 39, 2 8 46 87, 11 6 87 114, 6 6 121 139, 6 18 156 182, 4 7 182 202, 12 12 206 213, 14 13 215 222, 3 17 225 245, 2 14 245 282, 13 13 282 298, 
13 1 101 142, 3 2 154 181, 15 1 184 202, 12 1 213 242, 5 6 273 301, 6 9 311 326, 1 7 328 367, 12 7 431 446, 
14 9 0 10, 6 17 13 57, 4 2 57 87, 12 17 87 125, 10 7 125 157, 6 19 182 197, 1 6 216 241, 10 8 241 285, 1 4 285 328, 10 10 328 373, 12 4 390 431, 3 12 434 450, 
1 5 41 71, 12 18 125 144, 5 5 173 181, 11 9 181 217, 3 6 220 225, 5 16 225 239, 11 3 253 261, 
6 15 0 13, 1 1 13 23, 15 10 47 97, 14 12 97 126, 5 4 148 173, 3 13 181 214, 11 2 217 253, 13 16 315 328, 10 11 373 390, 
1 2 23 41, 10 2 41 61, 3 16 91 135, 5 3 135 148, 14 10 148 173, 1 3 173 216, 12 2 242 286, 12 5 286 310, 4 12 392 421, 
