2 5 20 53, 12 14 53 58, 15 13 66 75, 15 15 75 117, 10 3 117 139, 3 8 146 152, 3 15 163 173, 14 2 186 196, 11 7 232 272, 
11 8 27 33, 4 1 68 86, 2 9 128 138, 3 14 152 163, 15 9 227 245, 15 5 253 265, 3 11 271 300, 12 6 312 354, 13 18 354 398, 3 5 400 419, 
12 13 0 22, 12 8 22 40, 4 5 86 115, 3 10 232 271, 5 17 272 293, 4 9 293 298, 3 19 316 336, 14 8 336 344, 
5 1 0 29, 10 1 29 62, 5 10 62 91, 12 10 92 110, 6 1 118 151, 2 3 151 191, 4 6 191 224, 14 11 224 266, 13 15 266 270, 14 3 273 281, 14 5 281 290, 14 6 290 317, 3 1 336 365, 
2 1 0 10, 3 7 10 49, 3 9 173 203, 6 16 203 234, 5 15 234 258, 2 6 258 296, 15 6 296 339, 12 3 354 359, 11 4 359 380, 6 3 388 402, 6 4 402 419, 
4 13 0 21, 6 5 23 56, 2 7 56 81, 12 9 87 92, 13 12 92 130, 5 12 132 158, 11 1 158 188, 13 14 193 206, 15 3 210 227, 4 8 244 289, 2 11 320 358, 6 2 369 388, 11 5 388 417, 
15 12 0 45, 4 16 45 68, 12 11 110 149, 3 18 203 232, 15 4 245 253, 6 14 278 288, 5 18 293 327, 4 11 345 381, 3 3 392 400, 3 4 424 437, 
5 14 29 40, 2 2 122 128, 15 8 182 210, 6 10 249 263, 13 17 283 298, 1 8 298 345, 15 11 345 351, 
2 4 10 20, 15 14 45 66, 14 1 66 109, 15 7 117 164, 6 7 177 194, 12 15 230 269, 10 9 293 312, 4 10 312 345, 6 20 345 369, 
11 6 0 27, 6 6 56 74, 2 8 81 122, 3 17 126 146, 6 18 151 177, 13 13 177 193, 4 7 224 244, 14 13 266 273, 12 12 359 366, 2 14 366 403, 
13 1 0 41, 12 1 58 87, 15 1 164 182, 1 7 218 257, 6 9 263 278, 3 2 365 392, 12 7 407 422, 
14 9 0 10, 4 15 21 45, 6 17 74 118, 1 4 118 161, 10 7 161 193, 1 6 193 218, 6 19 234 249, 10 8 249 293, 3 12 300 316, 10 10 316 361, 12 4 366 407, 
11 9 33 69, 1 5 161 191, 11 3 224 232, 5 16 258 272, 12 18 293 312, 3 6 419 424, 
1 1 0 10, 6 15 10 23, 3 13 49 82, 5 11 91 132, 14 12 132 161, 5 13 161 179, 11 2 188 224, 13 16 270 283, 2 10 296 320, 10 11 361 378, 
1 2 10 28, 1 3 28 71, 3 16 82 126, 10 2 139 159, 14 10 161 186, 12 2 186 230, 12 5 269 293, 4 12 381 410, 
