10 3 0 22, 15 13 45 54, 3 8 83 89, 14 2 162 172, 11 7 172 212, 2 5 286 319, 12 14 337 342, 3 15 360 370, 15 15 370 412, 
4 1 0 18, 11 8 18 24, 3 5 119 138, 12 6 138 180, 13 18 180 224, 3 14 272 283, 15 9 283 301, 3 11 370 399, 
12 13 29 51, 12 8 51 69, 5 2 173 207, 5 17 207 228, 4 9 228 233, 3 19 252 272, 3 10 321 360, 14 8 360 368, 
10 1 22 55, 6 1 57 90, 3 1 90 119, 2 12 119 144, 5 1 144 173, 2 3 199 239, 13 15 240 244, 12 10 246 264, 14 11 264 306, 14 3 306 314, 14 5 314 323, 5 9 323 360, 
5 15 11 35, 3 7 44 83, 6 16 90 121, 2 1 144 154, 4 4 154 162, 12 3 180 185, 10 6 185 195, 15 6 195 238, 6 3 275 289, 3 9 291 321, 6 4 321 338, 11 4 349 370, 2 6 370 408, 
2 7 0 25, 4 13 25 46, 13 12 70 108, 6 5 121 154, 4 8 182 227, 13 14 227 240, 12 9 241 246, 6 2 256 275, 11 1 275 305, 11 5 370 399, 
15 12 0 45, 4 16 81 104, 10 5 104 139, 2 13 154 193, 3 18 223 252, 3 3 283 291, 12 11 291 330, 4 11 330 366, 5 18 366 400, 3 4 400 413, 6 14 422 432, 
5 14 0 11, 13 17 108 123, 2 2 193 199, 6 10 217 231, 15 8 238 266, 15 11 322 328, 1 8 341 388, 
14 1 10 53, 15 7 54 101, 4 3 134 154, 6 7 200 217, 10 9 217 236, 4 10 236 269, 2 4 276 286, 15 14 301 322, 14 7 330 359, 12 15 359 398, 6 20 398 422, 
2 8 25 66, 11 6 66 93, 13 13 123 139, 4 7 162 182, 6 6 182 200, 3 17 203 223, 2 14 239 276, 6 18 289 315, 14 13 323 330, 12 12 330 337, 
12 1 0 29, 13 1 29 70, 15 1 101 119, 3 2 138 165, 12 7 226 241, 6 9 241 256, 5 6 274 302, 1 7 302 341, 
14 9 0 10, 6 17 13 57, 4 15 57 81, 4 2 104 134, 15 2 134 175, 12 4 185 226, 1 6 226 251, 1 4 251 294, 6 19 338 353, 10 10 353 398, 3 12 413 429, 
5 16 35 49, 10 4 55 75, 11 9 93 129, 1 5 129 159, 3 6 165 170, 5 5 266 274, 11 3 341 349, 12 18 398 417, 
6 15 0 13, 1 1 13 23, 14 12 53 82, 3 13 170 203, 5 4 241 266, 13 16 266 279, 11 2 305 341, 10 11 398 415, 
3 16 0 44, 1 2 44 62, 12 5 69 93, 12 2 93 137, 14 10 137 162, 10 2 162 182, 1 3 182 225, 5 3 228 241, 4 12 366 395, 
