10 3 0 22, 2 5 57 90, 11 7 103 143, 15 13 148 157, 3 8 207 213, 15 15 213 255, 14 2 288 298, 3 15 388 398, 
4 1 39 57, 13 18 57 101, 3 5 128 147, 11 8 147 153, 2 9 286 296, 15 5 296 308, 3 14 325 336, 12 6 336 378, 3 11 398 427, 
12 13 0 22, 5 2 29 63, 12 8 63 81, 4 9 247 252, 3 19 267 287, 5 17 287 308, 3 10 349 388, 14 8 400 408, 
5 1 0 29, 3 1 49 78, 2 3 96 136, 12 10 153 171, 14 11 171 213, 10 1 213 246, 6 1 246 279, 14 3 298 306, 14 5 306 315, 13 15 315 319, 5 9 336 373, 14 6 373 400, 
2 1 0 10, 3 7 10 49, 6 16 57 88, 4 4 165 173, 2 6 173 211, 5 15 211 235, 11 4 257 278, 3 9 287 317, 15 6 317 360, 6 3 361 375, 12 3 378 383, 6 4 383 400, 
4 13 0 21, 2 7 21 46, 11 1 46 76, 6 5 88 121, 12 9 148 153, 13 12 153 191, 4 8 202 247, 15 3 255 272, 6 2 279 298, 13 14 302 315, 2 11 320 358, 11 5 358 387, 
12 16 81 91, 15 12 97 142, 4 16 142 165, 12 11 171 210, 3 18 238 267, 15 4 272 280, 3 3 317 325, 3 4 336 349, 6 14 351 361, 4 11 362 398, 5 18 398 432, 
13 17 0 15, 5 14 63 74, 2 2 90 96, 15 11 142 148, 6 8 298 336, 1 8 390 437, 
15 7 0 47, 2 4 47 57, 4 3 87 107, 6 7 139 156, 15 14 157 178, 6 20 197 221, 14 1 245 288, 10 9 310 329, 4 10 329 362, 
4 14 21 39, 11 6 76 103, 6 6 121 139, 6 18 156 182, 4 7 182 202, 12 12 210 217, 3 17 218 238, 14 13 238 245, 2 8 245 286, 13 13 286 302, 2 14 358 395, 
13 1 101 142, 3 2 147 174, 15 1 178 196, 12 1 217 246, 5 6 308 336, 6 9 336 351, 1 7 351 390, 12 7 424 439, 
14 9 0 10, 6 17 13 57, 4 2 57 87, 12 17 91 129, 10 7 129 161, 6 19 182 197, 1 6 197 222, 10 8 246 290, 1 4 290 333, 10 10 333 378, 12 4 383 424, 3 12 427 443, 
1 5 84 114, 12 18 129 148, 5 5 166 174, 11 9 174 210, 3 6 213 218, 5 16 235 249, 11 3 249 257, 
6 15 0 13, 1 1 13 23, 15 10 47 97, 14 12 97 126, 5 4 141 166, 3 13 174 207, 11 2 210 246, 2 10 296 320, 13 16 320 333, 10 11 378 395, 
1 2 23 41, 1 3 41 84, 3 16 84 128, 5 3 128 141, 14 10 141 166, 12 2 246 290, 10 2 290 310, 12 5 310 334, 4 12 398 427, 
