10 3 0 22, 11 7 27 67, 2 5 92 125, 15 13 169 178, 3 8 185 191, 14 2 253 263, 15 15 263 305, 3 15 312 322, 
4 1 0 18, 11 8 67 73, 3 5 112 131, 2 9 131 141, 13 18 141 185, 12 6 186 228, 13 7 228 255, 13 8 255 295, 3 14 301 312, 15 5 313 325, 3 11 382 411, 
12 8 0 18, 12 13 70 92, 4 5 92 121, 5 2 121 155, 5 17 193 214, 3 19 224 244, 4 9 260 265, 3 10 343 382, 14 8 382 390, 
3 1 0 29, 5 1 29 58, 6 1 67 100, 12 10 100 118, 4 6 121 154, 2 3 154 194, 14 11 211 253, 14 3 263 271, 14 5 271 280, 10 1 307 340, 5 9 340 377, 
2 1 0 10, 3 7 73 112, 6 16 119 150, 5 15 155 179, 2 6 194 232, 3 9 244 274, 6 3 274 288, 12 3 288 293, 11 4 293 314, 15 6 325 368, 6 4 376 393, 
2 7 16 41, 4 13 41 62, 12 9 92 97, 6 2 100 119, 11 1 119 149, 6 5 150 183, 15 3 196 213, 4 8 215 260, 2 11 331 369, 11 5 369 398, 
13 2 41 46, 15 12 103 148, 3 18 156 185, 4 16 192 215, 12 16 228 238, 12 11 238 277, 15 4 305 313, 3 3 322 330, 3 4 330 343, 4 11 343 379, 5 18 379 413, 6 14 413 423, 
2 2 10 16, 5 14 58 69, 13 5 69 93, 15 11 97 103, 13 17 103 118, 1 8 250 297, 6 8 323 361, 
15 7 0 47, 2 4 82 92, 14 1 92 135, 15 14 148 169, 10 9 169 188, 13 6 188 192, 6 20 233 257, 4 10 265 298, 6 7 306 323, 14 7 323 352, 
11 6 0 27, 2 8 41 82, 3 17 131 151, 4 7 154 174, 4 14 174 192, 6 18 192 218, 14 13 280 287, 6 6 288 306, 12 12 306 313, 13 11 313 360, 2 14 369 406, 
13 1 0 41, 12 1 41 70, 15 1 178 196, 1 7 211 250, 3 2 274 301, 5 6 301 329, 6 9 361 376, 12 7 411 426, 
14 9 0 10, 6 17 23 67, 10 7 67 99, 10 8 99 143, 1 4 143 186, 1 6 186 211, 6 19 218 233, 10 10 233 278, 12 17 313 351, 12 4 351 392, 3 12 411 427, 
1 5 28 58, 3 6 151 156, 5 16 179 193, 11 9 193 229, 11 3 265 273, 5 5 290 298, 12 18 392 411, 
1 1 0 10, 6 15 10 23, 15 10 47 97, 14 12 135 164, 3 13 191 224, 11 2 229 265, 5 4 265 290, 10 11 290 307, 2 10 307 331, 
1 2 10 28, 3 16 29 73, 1 3 73 116, 12 2 118 162, 12 5 162 186, 14 10 186 211, 5 3 214 227, 10 2 340 360, 4 12 379 408, 
