10 3 0 22, 11 7 27 67, 2 5 93 126, 15 13 169 178, 3 8 185 191, 14 2 253 263, 15 15 263 305, 3 15 312 322, 
4 1 0 18, 11 8 67 73, 3 5 112 131, 2 9 131 141, 13 18 142 186, 12 6 186 228, 13 7 228 255, 13 8 255 295, 3 14 301 312, 15 5 313 325, 3 11 382 411, 
12 8 0 18, 12 13 47 69, 4 5 69 98, 5 2 174 208, 3 19 224 244, 5 17 244 265, 4 9 265 270, 3 10 343 382, 14 8 382 390, 
3 1 0 29, 5 1 29 58, 6 1 67 100, 12 10 100 118, 4 6 118 151, 2 3 151 191, 14 11 211 253, 14 3 263 271, 14 5 271 280, 10 1 292 325, 5 9 353 390, 
2 1 0 10, 3 7 73 112, 6 16 119 150, 5 15 150 174, 2 6 191 229, 3 9 244 274, 12 3 277 282, 6 3 282 296, 11 4 296 317, 15 6 325 368, 6 4 384 401, 
2 7 17 42, 4 13 42 63, 12 9 69 74, 6 2 100 119, 11 1 119 149, 6 5 150 183, 15 3 196 213, 4 8 213 258, 2 11 341 379, 11 5 379 408, 
13 2 88 93, 15 12 103 148, 3 18 156 185, 4 16 189 212, 12 16 228 238, 12 11 238 277, 15 4 305 313, 3 3 322 330, 3 4 330 343, 4 11 343 379, 5 18 390 424, 6 14 424 434, 
5 14 0 11, 2 2 11 17, 15 11 97 103, 13 5 103 127, 13 17 127 142, 1 8 250 297, 6 8 331 369, 
15 7 0 47, 2 4 83 93, 14 1 93 136, 15 14 148 169, 10 9 169 188, 13 6 188 192, 6 20 230 254, 4 10 270 303, 6 7 314 331, 14 7 331 360, 
11 6 0 27, 2 8 42 83, 3 17 131 151, 4 7 151 171, 4 14 171 189, 6 18 189 215, 12 12 282 289, 14 13 289 296, 6 6 296 314, 13 11 314 361, 2 14 379 416, 
12 1 18 47, 13 1 47 88, 15 1 178 196, 1 7 211 250, 3 2 274 301, 5 6 325 353, 6 9 369 384, 12 7 387 402, 
14 9 0 10, 6 17 23 67, 10 7 67 99, 10 8 99 143, 1 4 143 186, 1 6 186 211, 6 19 215 230, 10 10 230 275, 12 17 289 327, 12 4 327 368, 3 12 411 427, 
1 5 28 58, 3 6 151 156, 11 9 156 192, 5 16 208 222, 11 3 260 268, 5 5 317 325, 12 18 368 387, 
1 1 0 10, 6 15 10 23, 15 10 47 97, 14 12 136 165, 3 13 191 224, 11 2 224 260, 10 11 275 292, 5 4 292 317, 2 10 317 341, 
1 2 10 28, 3 16 29 73, 1 3 73 116, 12 2 118 162, 12 5 162 186, 14 10 186 211, 5 3 265 278, 10 2 325 345, 4 12 379 408, 
