10 3 106 128, 11 7 140 180, 3 8 212 218, 15 13 231 240, 15 15 240 282, 2 5 282 315, 3 15 401 411, 
4 1 68 86, 3 5 93 112, 13 18 112 156, 11 8 180 186, 2 9 216 226, 12 6 243 285, 3 11 361 390, 3 14 390 401, 
12 13 0 22, 12 8 32 50, 14 4 82 100, 4 5 100 129, 5 2 146 180, 3 19 218 238, 14 8 269 277, 4 9 281 286, 5 17 286 307, 3 10 322 361, 
6 1 0 33, 3 1 44 73, 10 1 73 106, 5 1 106 135, 2 3 135 175, 4 6 175 208, 14 5 208 217, 14 6 217 244, 5 7 244 268, 12 10 285 303, 13 15 303 307, 14 11 307 349, 5 9 349 386, 
2 1 77 87, 3 7 112 151, 6 16 151 182, 5 15 182 206, 12 3 206 211, 10 6 211 221, 6 3 226 240, 3 9 246 276, 6 4 276 293, 2 6 315 353, 11 4 366 387, 15 6 387 430, 
4 13 0 21, 6 2 33 52, 2 7 52 77, 6 5 77 110, 11 1 110 140, 13 12 156 194, 12 9 211 216, 4 8 236 281, 13 14 281 294, 2 11 353 391, 11 5 391 420, 
12 16 22 32, 4 16 45 68, 15 12 68 113, 10 5 148 183, 3 18 183 212, 3 3 238 246, 3 4 276 289, 12 11 303 342, 4 11 342 378, 6 14 378 388, 5 18 388 422, 
13 17 41 56, 2 2 97 103, 5 14 135 146, 6 10 293 307, 15 11 341 347, 1 8 361 408, 
14 1 0 43, 2 4 87 97, 15 14 113 134, 15 7 134 181, 10 9 221 240, 6 7 258 275, 4 10 286 319, 6 20 405 429, 
11 6 0 27, 4 14 27 45, 3 17 73 93, 2 8 175 216, 4 7 216 236, 6 6 240 258, 13 13 258 274, 12 12 342 349, 6 18 349 375, 14 13 375 382, 2 14 391 428, 
13 1 0 41, 12 1 91 120, 3 2 156 183, 15 1 282 300, 6 9 307 322, 1 7 322 361, 12 7 390 405, 
14 9 43 53, 12 17 53 91, 1 4 105 148, 6 17 182 226, 1 6 226 251, 10 10 251 296, 15 2 300 341, 12 4 349 390, 6 19 390 405, 3 12 411 427, 
10 4 128 148, 3 6 151 156, 1 5 156 186, 11 9 186 222, 5 16 268 282, 5 8 307 336, 11 3 358 366, 12 18 405 424, 
1 1 0 10, 14 12 53 82, 6 15 110 123, 15 10 181 231, 2 10 231 255, 3 13 289 322, 11 2 322 358, 10 11 358 375, 13 16 375 388, 
3 16 0 44, 1 2 44 62, 1 3 62 105, 12 2 120 164, 10 2 183 203, 5 3 206 219, 12 5 219 243, 14 10 244 269, 4 12 378 407, 
