10 3 0 22, 2 5 56 89, 11 7 103 143, 3 8 207 213, 15 13 213 222, 15 15 292 334, 14 2 346 356, 3 15 388 398, 
4 1 39 57, 13 18 57 101, 3 5 128 147, 11 8 147 153, 2 9 286 296, 3 14 325 336, 12 6 342 384, 15 5 384 396, 3 11 398 427, 
12 13 0 22, 5 2 29 63, 12 8 63 81, 4 9 247 252, 3 19 267 287, 5 17 287 308, 3 10 349 388, 14 8 439 447, 
5 1 0 29, 3 1 49 78, 2 3 95 135, 10 1 135 168, 12 10 181 199, 6 1 221 254, 14 11 254 296, 5 9 354 391, 13 15 391 395, 14 3 395 403, 14 5 403 412, 14 6 412 439, 
2 1 0 10, 3 7 10 49, 6 16 57 88, 4 4 146 154, 2 6 154 192, 5 15 240 264, 3 9 287 317, 11 4 317 338, 6 3 338 352, 6 4 352 369, 12 3 384 389, 15 6 396 439, 
4 13 0 21, 2 7 21 46, 11 1 46 76, 6 5 88 121, 12 9 176 181, 4 8 202 247, 6 2 254 273, 13 12 273 311, 15 3 334 351, 13 14 351 364, 2 11 364 402, 11 5 402 431, 
12 16 81 91, 4 16 123 146, 15 12 153 198, 12 11 199 238, 3 18 238 267, 3 3 317 325, 6 14 326 336, 3 4 336 349, 15 4 351 359, 4 11 379 415, 5 18 415 449, 
13 17 0 15, 5 14 63 74, 2 2 89 95, 15 11 198 204, 6 8 273 311, 1 8 393 440, 
2 4 46 56, 15 7 56 103, 4 3 103 123, 6 7 139 156, 6 20 197 221, 15 14 222 243, 10 9 261 280, 14 1 303 346, 4 10 346 379, 
4 14 21 39, 11 6 76 103, 6 6 121 139, 6 18 156 182, 4 7 182 202, 3 17 218 238, 12 12 238 245, 2 8 245 286, 14 13 296 303, 13 13 311 327, 2 14 402 439, 
13 1 101 142, 3 2 147 174, 12 1 245 274, 15 1 274 292, 6 9 311 326, 5 6 326 354, 1 7 354 393, 12 7 430 445, 
14 9 0 10, 6 17 13 57, 4 2 57 87, 10 7 87 119, 12 17 119 157, 1 6 157 182, 6 19 182 197, 10 8 197 241, 1 4 241 284, 10 10 284 329, 12 4 389 430, 3 12 430 446, 
1 5 84 114, 12 18 157 176, 11 9 176 212, 3 6 213 218, 5 5 232 240, 5 16 264 278, 11 3 278 286, 
6 15 0 13, 1 1 13 23, 14 12 23 52, 15 10 103 153, 3 13 174 207, 5 4 207 232, 11 2 232 268, 2 10 296 320, 10 11 329 346, 13 16 395 408, 
1 2 23 41, 1 3 41 84, 3 16 84 128, 5 3 128 141, 14 10 141 166, 10 2 241 261, 12 2 274 318, 12 5 318 342, 4 12 415 444, 
