11 7 33 73, 3 8 268 274, 3 15 354 364, 16 5 364 389, 
11 8 0 6, 9 13 6 50, 3 5 73 92, 13 18 92 136, 9 18 235 245, 3 14 304 315, 9 19 335 344, 3 11 364 393, 
5 2 102 136, 5 17 149 170, 16 19 170 189, 3 19 207 227, 16 3 227 260, 3 10 315 354, 
3 1 44 73, 5 1 73 102, 9 16 102 144, 13 15 209 213, 5 9 262 299, 16 4 302 342, 9 20 344 362, 
5 15 11 35, 3 7 139 178, 11 4 186 207, 9 15 221 235, 3 9 274 304, 
11 1 112 142, 13 12 142 180, 13 14 196 209, 11 5 209 238, 9 6 265 294, 9 12 294 335, 
9 2 76 97, 16 2 97 129, 3 18 178 207, 3 3 260 268, 5 18 299 333, 3 4 398 411, 
5 14 0 11, 13 17 41 56, 

11 6 6 33, 3 17 119 139, 13 13 180 196, 
13 1 0 41, 16 1 41 82, 3 2 92 119, 16 18 129 147, 5 6 234 262, 
9 1 50 71, 3 12 411 427, 
5 16 35 49, 9 7 71 76, 11 9 76 112, 11 3 178 186, 5 5 226 234, 9 3 245 265, 3 6 393 398, 
11 2 142 178, 9 10 191 201, 5 4 201 226, 3 13 227 260, 16 20 260 275, 13 16 275 288, 16 21 288 302, 
3 16 0 44, 5 3 136 149, 9 14 149 191, 9 11 201 221, 
