3 8 83 89, 15 13 141 150, 15 15 150 192, 3 15 304 314, 12 14 323 328, 18 15 375 391, 
9 13 0 44, 9 18 86 96, 3 14 122 133, 18 14 133 144, 12 6 157 199, 15 9 199 217, 3 11 251 280, 3 5 280 299, 9 19 299 308, 18 3 308 329, 15 5 329 341, 
18 7 0 44, 12 8 44 62, 12 13 62 84, 18 1 84 92, 3 10 163 202, 9 4 226 239, 3 19 394 414, 
6 1 0 33, 9 16 44 86, 3 1 202 231, 12 10 259 277, 18 16 391 409, 9 20 409 427, 
3 7 44 83, 18 12 92 123, 3 9 133 163, 6 3 168 182, 6 16 182 213, 12 3 213 218, 6 4 231 248, 18 6 329 375, 9 15 379 393, 15 6 393 436, 
6 5 33 66, 6 2 79 98, 12 9 152 157, 18 2 157 169, 9 5 239 244, 9 6 244 273, 15 3 273 290, 9 12 338 379, 
15 12 75 120, 9 2 163 184, 12 11 277 316, 15 4 316 324, 3 3 341 349, 3 18 349 378, 6 14 378 388, 3 4 414 427, 
15 8 47 75, 15 11 235 241, 6 8 304 342, 
15 7 0 47, 15 14 120 141, 6 7 248 265, 6 20 280 304, 12 15 328 367, 
6 18 142 168, 6 6 213 231, 3 17 231 251, 18 11 251 299, 12 12 316 323, 18 17 409 441, 
12 1 0 29, 18 10 169 196, 15 1 217 235, 3 2 314 341, 6 9 342 357, 12 7 386 401, 
6 17 98 142, 9 1 142 163, 12 4 218 259, 6 19 265 280, 3 12 378 394, 
18 8 123 133, 9 7 273 278, 3 6 299 304, 12 18 367 386, 
6 15 66 79, 3 13 89 122, 9 10 308 318, 
3 16 0 44, 12 2 84 128, 12 5 128 152, 9 14 184 226, 9 11 318 338, 
