18 4 92 105, 3 8 116 122, 15 13 173 182, 15 15 203 245, 3 15 261 271, 18 15 361 377, 
15 9 138 156, 9 13 156 200, 3 14 201 212, 18 14 212 223, 15 5 259 271, 3 5 310 329, 3 11 329 358, 12 6 358 400, 
18 7 0 44, 12 8 44 62, 12 13 62 84, 18 1 84 92, 3 19 212 232, 3 10 271 310, 
9 16 21 63, 3 1 232 261, 12 10 275 293, 6 1 293 326, 9 20 326 344, 18 16 377 395, 
3 7 0 39, 6 16 46 77, 3 9 122 152, 18 12 152 183, 12 3 224 229, 9 15 247 261, 15 6 271 314, 18 6 315 361, 6 3 369 383, 6 4 383 400, 
6 5 13 46, 9 6 104 133, 15 3 156 173, 12 9 229 234, 6 2 326 345, 9 12 364 405, 
15 12 0 45, 9 2 63 84, 12 16 113 123, 3 18 172 201, 15 4 245 253, 12 11 317 356, 3 3 390 398, 3 4 398 411, 6 14 415 425, 
15 8 92 120, 6 10 222 236, 15 11 253 259, 
15 7 45 92, 15 14 182 203, 6 7 205 222, 18 5 223 240, 6 20 345 369, 
6 18 121 147, 3 17 152 172, 6 6 172 190, 18 11 267 315, 18 17 395 427, 12 12 430 437, 
12 1 84 113, 15 1 120 138, 18 10 240 267, 3 2 363 390, 6 9 400 415, 12 7 415 430, 
9 1 0 21, 6 17 77 121, 12 17 123 161, 6 19 190 205, 12 4 234 275, 3 12 411 427, 
9 3 84 104, 18 8 105 115, 9 7 133 138, 12 18 205 224, 3 6 358 363, 
6 15 0 13, 3 13 39 72, 9 10 261 271, 
3 16 72 116, 12 2 161 205, 9 14 205 247, 9 17 271 291, 12 5 293 317, 9 11 344 364, 
