18 4 92 105, 3 8 116 122, 15 13 173 182, 15 15 203 245, 3 15 261 271, 18 15 361 377, 
15 9 138 156, 9 13 156 200, 3 14 201 212, 18 14 212 223, 15 5 259 271, 3 5 310 329, 3 11 329 358, 12 6 358 400, 
12 8 0 18, 12 13 18 40, 18 7 40 84, 18 1 84 92, 3 19 212 232, 3 10 271 310, 
9 16 21 63, 3 1 232 261, 12 10 273 291, 6 1 291 324, 9 20 324 342, 18 16 377 395, 
3 7 0 39, 6 16 46 77, 3 9 122 152, 18 12 152 183, 12 3 222 227, 9 15 245 259, 15 6 271 314, 18 6 315 361, 6 3 367 381, 6 4 381 398, 
6 5 13 46, 9 6 120 149, 15 3 156 173, 12 9 227 232, 6 2 324 343, 9 12 362 403, 
15 12 0 45, 12 16 69 79, 9 2 79 100, 3 18 172 201, 15 4 245 253, 12 11 315 354, 3 3 390 398, 3 4 398 411, 6 14 413 423, 
15 8 92 120, 6 10 222 236, 15 11 253 259, 
15 7 45 92, 15 14 182 203, 6 7 205 222, 18 5 223 240, 6 20 343 367, 
6 18 121 147, 3 17 152 172, 6 6 172 190, 18 11 267 315, 18 17 395 427, 12 12 428 435, 
12 1 40 69, 15 1 120 138, 18 10 240 267, 3 2 363 390, 6 9 398 413, 12 7 413 428, 
9 1 0 21, 6 17 77 121, 12 17 121 159, 6 19 190 205, 12 4 232 273, 3 12 411 427, 
9 3 100 120, 18 8 120 130, 9 7 149 154, 12 18 203 222, 3 6 358 363, 
6 15 0 13, 3 13 39 72, 9 10 259 269, 
3 16 72 116, 12 2 159 203, 9 14 203 245, 9 17 269 289, 12 5 291 315, 9 11 342 362, 
