18 4 48 61, 3 8 116 122, 15 13 173 182, 15 15 203 245, 3 15 261 271, 18 15 298 314, 
15 9 138 156, 9 13 156 200, 3 14 201 212, 15 5 259 271, 18 14 287 298, 3 5 310 329, 3 11 329 358, 12 6 358 400, 
12 8 0 18, 12 13 18 40, 18 1 40 48, 18 7 61 105, 3 19 212 232, 3 10 271 310, 
9 16 21 63, 3 1 232 261, 12 10 261 279, 6 1 279 312, 9 20 323 341, 18 16 362 380, 
3 7 0 39, 6 16 46 77, 3 9 122 152, 12 3 180 185, 18 6 185 231, 9 15 242 256, 18 12 256 287, 15 6 287 330, 6 3 355 369, 6 4 369 386, 
6 5 13 46, 9 6 120 149, 15 3 156 173, 12 9 185 190, 6 2 312 331, 9 12 361 402, 
15 12 0 45, 12 16 69 79, 9 2 79 100, 3 18 172 201, 15 4 245 253, 12 11 303 342, 3 3 390 398, 3 4 398 411, 6 14 411 421, 
15 8 92 120, 15 11 253 259, 6 10 263 277, 
15 7 45 92, 18 5 165 182, 15 14 182 203, 6 7 246 263, 6 20 331 355, 
3 17 152 172, 6 18 172 198, 6 6 198 216, 18 11 314 362, 18 17 380 412, 12 12 420 427, 
12 1 40 69, 15 1 120 138, 18 10 138 165, 3 2 363 390, 6 9 390 405, 12 7 405 420, 
9 1 0 21, 12 17 79 117, 6 17 117 161, 12 4 190 231, 6 19 231 246, 3 12 411 427, 
9 3 100 120, 18 8 120 130, 9 7 149 154, 12 18 161 180, 3 6 358 363, 
6 15 0 13, 3 13 39 72, 9 10 256 266, 
3 16 72 116, 12 2 117 161, 9 14 200 242, 12 5 279 303, 9 17 303 323, 9 11 341 361, 
