3 8 83 89, 15 13 159 168, 12 14 199 204, 15 15 204 246, 3 15 304 314, 
9 13 0 44, 18 3 45 66, 3 14 122 133, 15 9 141 159, 3 11 251 280, 3 5 280 299, 15 5 299 311, 12 6 335 377, 9 18 377 387, 9 19 387 396, 
18 1 0 8, 12 8 8 26, 12 13 130 152, 3 10 163 202, 9 4 202 215, 18 7 240 284, 3 19 394 414, 
6 1 33 66, 12 10 181 199, 3 1 202 231, 9 16 263 305, 18 16 313 331, 9 20 396 414, 
3 7 44 83, 18 6 83 129, 3 9 133 163, 6 16 163 194, 12 3 204 209, 18 12 209 240, 9 15 249 263, 15 6 311 354, 6 3 358 372, 6 4 388 405, 
6 5 0 33, 18 2 33 45, 6 2 97 116, 12 9 176 181, 9 5 215 220, 9 6 220 249, 15 3 249 266, 9 12 335 376, 
15 12 47 92, 9 2 107 128, 12 11 209 248, 15 4 266 274, 3 3 341 349, 3 18 349 378, 6 14 378 388, 3 4 414 427, 
15 8 113 141, 15 11 168 174, 6 10 211 225, 
15 7 0 47, 15 14 92 113, 6 7 194 211, 12 15 248 287, 18 13 287 313, 6 20 405 429, 
6 6 79 97, 3 17 231 251, 6 18 269 295, 12 12 328 335, 18 17 341 373, 18 11 400 448, 
12 1 26 55, 15 1 174 192, 3 2 314 341, 6 9 343 358, 18 10 373 400, 12 7 400 415, 
9 1 86 107, 6 17 225 269, 12 4 287 328, 6 19 328 343, 3 12 378 394, 
9 7 128 133, 3 6 299 304, 18 8 331 341, 12 18 377 396, 
6 15 66 79, 3 13 89 122, 9 10 305 315, 
3 16 0 44, 9 14 44 86, 12 2 86 130, 12 5 152 176, 9 11 315 335, 
