18 4 8 21, 3 8 116 122, 15 13 174 183, 15 15 204 246, 3 15 261 271, 18 15 283 299, 
15 9 138 156, 3 14 201 212, 9 13 212 256, 15 5 260 272, 18 14 272 283, 3 5 310 329, 3 11 329 358, 12 6 361 403, 
18 1 0 8, 12 8 8 26, 12 13 26 48, 18 7 48 92, 3 19 212 232, 3 10 271 310, 
9 16 21 63, 3 1 232 261, 12 10 261 279, 6 1 285 318, 9 20 342 360, 18 16 360 378, 
3 7 0 39, 6 16 46 77, 3 9 122 152, 12 3 188 193, 18 6 193 239, 18 12 239 270, 9 15 298 312, 15 6 312 355, 6 3 361 375, 6 4 375 392, 
6 5 13 46, 9 6 128 157, 15 3 157 174, 12 9 193 198, 6 2 318 337, 9 12 380 421, 
15 12 0 45, 12 16 77 87, 9 2 87 108, 3 18 172 201, 15 4 246 254, 12 11 322 361, 3 3 390 398, 3 4 398 411, 6 14 411 421, 
15 8 92 120, 15 11 254 260, 6 10 271 285, 
15 7 45 92, 18 5 165 182, 15 14 183 204, 6 7 254 271, 6 20 337 361, 
3 17 152 172, 6 18 172 198, 6 6 198 216, 18 11 299 347, 18 17 378 410, 12 12 422 429, 
12 1 48 77, 15 1 120 138, 18 10 138 165, 3 2 363 390, 6 9 392 407, 12 7 407 422, 
9 1 0 21, 12 17 87 125, 6 17 125 169, 12 4 198 239, 6 19 239 254, 3 12 411 427, 
18 8 92 102, 9 3 108 128, 9 7 157 162, 12 18 169 188, 3 6 358 363, 
6 15 0 13, 3 13 39 72, 9 10 312 322, 
3 16 72 116, 12 2 125 169, 9 14 256 298, 12 5 298 322, 9 17 322 342, 9 11 360 380, 
