18 4 8 21, 10 3 21 43, 11 7 129 169, 3 8 240 246, 2 5 302 335, 7 12 353 380, 3 15 380 390, 
9 13 0 44, 13 18 44 88, 11 8 93 99, 7 19 99 130, 3 5 147 166, 9 18 266 276, 9 19 276 285, 7 11 306 353, 3 14 366 377, 3 11 390 419, 
18 1 0 8, 16 19 18 37, 7 7 37 59, 14 4 78 96, 5 2 100 134, 18 7 134 178, 3 19 215 235, 5 17 235 256, 14 8 285 293, 3 10 314 353, 
3 1 0 29, 5 1 29 58, 2 12 76 101, 9 16 101 143, 10 1 143 176, 14 11 176 218, 14 5 218 227, 6 1 229 262, 2 3 262 302, 5 9 302 339, 13 15 339 343, 18 16 343 361, 16 15 371 377, 9 20 377 395, 
2 1 66 76, 5 15 76 100, 3 7 100 139, 7 8 139 148, 6 16 155 186, 18 12 186 217, 18 6 217 263, 16 7 263 268, 16 8 268 284, 3 9 284 314, 11 4 314 335, 2 6 335 373, 6 3 390 404, 6 4 404 421, 9 15 421 435, 
2 7 0 25, 6 5 25 58, 11 1 99 129, 7 9 148 172, 7 20 172 190, 16 6 190 195, 9 6 195 224, 13 12 224 262, 13 14 278 291, 9 12 319 360, 6 2 361 380, 11 5 380 409, 
7 1 0 12, 9 2 65 86, 3 3 139 147, 2 13 147 186, 3 18 186 215, 3 4 353 366, 6 14 380 390, 5 18 390 424, 
13 17 0 15, 5 14 58 69, 2 2 186 192, 6 8 262 300, 16 11 341 371, 
14 1 35 78, 18 5 78 95, 2 4 192 202, 6 7 212 229, 10 9 229 248, 14 7 256 285, 18 13 311 337, 6 20 337 361, 7 13 380 398, 16 16 398 403, 
2 8 25 66, 11 6 66 93, 6 6 93 111, 3 17 166 186, 6 18 186 212, 2 14 212 249, 14 13 249 256, 13 13 262 278, 7 21 278 306, 16 9 306 315, 18 11 361 409, 18 17 409 441, 
16 18 0 18, 3 2 29 56, 13 1 88 129, 16 1 129 170, 5 6 256 284, 18 10 284 311, 6 9 315 330, 16 10 330 341, 
14 9 0 10, 9 1 44 65, 10 7 65 97, 6 17 111 155, 10 8 176 220, 7 10 220 225, 6 19 300 315, 10 10 315 360, 3 12 419 435, 
5 16 147 161, 9 7 161 166, 9 3 166 186, 5 5 209 217, 3 6 235 240, 11 9 245 281, 11 3 281 289, 7 18 398 424, 16 17 424 443, 
16 20 37 52, 6 15 58 71, 14 12 96 125, 16 21 170 184, 5 4 184 209, 11 2 209 245, 3 13 246 279, 9 10 285 295, 13 16 343 356, 10 11 360 377, 
14 10 10 35, 3 16 56 100, 5 3 134 147, 9 14 224 266, 18 9 266 279, 10 2 279 299, 9 11 299 319, 
