10 3 0 22, 18 4 82 95, 18 15 95 111, 14 2 141 151, 3 8 159 165, 3 15 209 219, 11 7 267 307, 2 5 307 340, 
18 14 31 42, 7 19 42 73, 11 8 88 94, 9 13 94 138, 13 18 138 182, 3 14 198 209, 9 18 209 219, 7 11 219 266, 9 19 306 315, 3 5 315 334, 3 11 381 410, 
7 7 12 34, 5 2 40 74, 18 1 74 82, 18 7 111 155, 9 4 219 232, 5 17 232 253, 3 19 278 298, 3 10 342 381, 14 8 396 404, 
5 1 0 29, 9 16 29 71, 2 12 71 96, 3 1 103 132, 14 11 151 193, 6 1 193 226, 10 1 226 259, 14 3 259 267, 16 15 267 273, 14 5 273 282, 18 16 282 300, 13 15 312 316, 5 9 316 353, 2 3 353 393, 9 20 428 446, 
18 12 0 31, 3 7 44 83, 5 15 83 107, 2 1 107 117, 16 7 117 122, 7 8 134 143, 16 8 143 159, 6 16 162 193, 18 6 193 239, 3 9 248 278, 6 3 278 292, 9 15 292 306, 11 4 307 328, 6 4 331 348, 2 6 393 431, 
2 7 0 25, 6 5 25 58, 11 1 58 88, 7 20 88 106, 16 6 106 111, 7 9 143 167, 6 2 226 245, 13 12 245 283, 13 14 299 312, 9 5 324 329, 9 6 329 358, 11 5 358 387, 9 12 387 428, 
7 1 0 12, 9 2 138 159, 2 13 159 198, 3 18 219 248, 9 9 315 324, 3 3 334 342, 7 17 342 362, 5 18 362 396, 6 14 396 406, 3 4 431 444, 
13 17 0 15, 5 14 29 40, 9 8 164 203, 16 11 203 233, 2 2 340 346, 6 10 367 381, 
14 1 69 112, 18 5 155 172, 2 4 235 245, 16 16 273 278, 6 20 307 331, 10 9 331 350, 6 7 350 367, 14 7 367 396, 
11 6 0 27, 2 8 27 68, 3 17 83 103, 7 21 106 134, 6 18 136 162, 16 9 162 171, 2 14 198 235, 14 13 235 242, 6 6 245 263, 13 13 283 299, 18 17 300 332, 18 11 372 420, 
16 18 0 18, 16 1 47 88, 3 2 132 159, 16 10 171 182, 13 1 182 223, 7 14 266 286, 5 6 286 314, 18 10 345 372, 6 9 381 396, 
14 9 0 10, 10 7 22 54, 9 1 71 92, 6 17 92 136, 10 8 136 180, 7 10 180 185, 6 19 292 307, 10 10 350 395, 3 12 410 426, 
11 9 94 130, 5 16 130 144, 9 7 159 164, 11 3 259 267, 5 5 267 275, 16 17 278 297, 7 18 362 388, 3 6 426 431, 
16 20 18 33, 16 21 33 47, 6 15 58 71, 14 12 112 141, 3 13 165 198, 5 4 198 223, 11 2 223 259, 7 16 286 296, 13 16 316 329, 10 11 395 412, 
3 16 0 44, 14 10 44 69, 5 3 107 120, 9 14 232 274, 10 2 274 294, 18 9 332 345, 9 11 358 378, 
