10 3 0 22, 18 4 82 95, 18 15 95 111, 14 2 141 151, 3 8 159 165, 3 15 209 219, 2 5 219 252, 11 7 270 310, 
18 14 31 42, 7 19 42 73, 9 13 92 136, 13 18 136 180, 11 8 180 186, 3 14 198 209, 9 18 210 220, 7 11 220 267, 9 19 292 301, 3 5 301 320, 3 11 367 396, 
7 7 12 34, 5 2 40 74, 18 1 74 82, 18 7 111 155, 9 4 220 233, 5 17 233 254, 3 19 278 298, 3 10 328 367, 14 8 408 416, 
5 1 0 29, 9 16 29 71, 2 12 71 96, 3 1 103 132, 14 11 151 193, 6 1 193 226, 10 1 226 259, 14 3 259 267, 14 5 267 276, 16 15 276 282, 18 16 282 300, 5 9 315 352, 13 15 352 356, 2 3 356 396, 9 20 416 434, 
18 12 0 31, 3 7 44 83, 2 1 96 106, 5 15 106 130, 7 8 131 140, 16 7 140 145, 16 8 145 161, 6 16 162 193, 18 6 193 239, 3 9 248 278, 9 15 278 292, 6 3 292 306, 11 4 310 331, 6 4 345 362, 2 6 396 434, 
2 7 0 25, 6 5 25 58, 7 20 73 91, 11 1 91 121, 16 6 121 126, 7 9 140 164, 6 2 226 245, 13 12 245 283, 13 14 299 312, 9 5 312 317, 9 6 317 346, 11 5 346 375, 9 12 375 416, 
7 1 0 12, 2 13 106 145, 9 2 145 166, 3 18 219 248, 9 9 301 310, 3 3 320 328, 7 17 328 348, 5 18 352 386, 6 14 408 418, 3 4 418 431, 
13 17 0 15, 5 14 29 40, 9 8 171 210, 16 11 232 262, 2 2 262 268, 6 10 379 393, 
14 1 69 112, 18 5 155 172, 2 4 199 209, 16 16 282 287, 10 9 295 314, 6 20 321 345, 6 7 362 379, 14 7 379 408, 
11 6 0 27, 2 8 27 68, 3 17 83 103, 7 21 103 131, 6 18 136 162, 2 14 162 199, 16 9 199 208, 14 13 208 215, 6 6 245 263, 13 13 283 299, 18 17 300 332, 18 11 372 420, 
16 18 0 18, 16 1 47 88, 3 2 132 159, 13 1 180 221, 16 10 221 232, 7 14 267 287, 5 6 287 315, 18 10 345 372, 6 9 393 408, 
14 9 0 10, 10 7 22 54, 9 1 71 92, 6 17 92 136, 10 8 136 180, 7 10 180 185, 6 19 306 321, 10 10 321 366, 3 12 396 412, 
5 16 143 157, 9 7 166 171, 11 9 186 222, 5 5 254 262, 11 3 262 270, 16 17 287 306, 7 18 348 374, 3 6 412 417, 
16 20 18 33, 16 21 33 47, 6 15 58 71, 14 12 112 141, 3 13 165 198, 5 4 198 223, 11 2 223 259, 7 16 287 297, 10 11 366 383, 13 16 383 396, 
3 16 0 44, 14 10 44 69, 5 3 130 143, 9 14 233 275, 10 2 275 295, 18 9 332 345, 9 11 346 366, 
