3 8 83 89, 10 3 95 117, 18 4 203 216, 3 15 232 242, 11 7 242 282, 2 5 346 379, 16 5 379 404, 
9 13 0 44, 11 8 44 50, 7 19 50 81, 13 18 81 125, 3 14 142 153, 7 11 270 317, 3 11 337 366, 3 5 366 385, 
18 1 0 8, 18 7 8 52, 5 2 62 96, 7 7 96 118, 14 4 118 136, 16 3 147 180, 3 19 182 202, 5 17 207 228, 14 8 244 252, 9 4 283 296, 3 10 298 337, 
6 1 0 33, 5 1 33 62, 10 1 62 95, 9 16 100 142, 2 3 142 182, 9 20 188 206, 14 5 206 215, 2 12 215 240, 3 1 242 271, 18 16 275 293, 5 9 293 330, 16 4 330 370, 13 15 370 374, 14 11 374 416, 
2 1 25 35, 3 7 44 83, 9 15 86 100, 18 12 100 131, 5 15 131 155, 6 3 168 182, 6 4 182 199, 3 9 202 232, 7 8 232 241, 6 16 241 272, 10 6 272 282, 18 6 318 364, 11 4 364 385, 2 6 385 423, 
2 7 0 25, 6 2 46 65, 6 5 109 142, 11 1 142 172, 7 20 172 190, 13 12 190 228, 7 9 241 265, 9 5 296 301, 9 6 301 330, 13 14 330 343, 9 12 343 384, 11 5 385 414, 
7 1 0 12, 16 2 82 114, 3 18 153 182, 10 5 182 217, 9 2 232 253, 2 13 253 292, 5 18 330 364, 7 17 364 384, 6 14 394 404, 3 3 406 414, 3 4 414 427, 
2 2 35 41, 13 17 41 56, 5 14 96 107, 6 10 365 379, 
14 1 75 118, 2 4 118 128, 18 13 177 203, 14 7 215 244, 10 9 282 301, 18 5 301 318, 6 7 324 341, 6 20 341 365, 
2 8 41 82, 3 17 122 142, 6 18 142 168, 11 6 172 199, 7 21 199 227, 18 11 227 275, 13 13 275 291, 6 6 291 309, 2 14 309 346, 18 17 364 396, 14 13 416 423, 
13 1 0 41, 16 1 41 82, 16 18 114 132, 18 10 150 177, 5 6 240 268, 3 2 271 298, 7 14 317 337, 6 9 379 394, 
14 9 0 10, 6 17 65 109, 9 1 206 227, 7 10 265 270, 6 19 309 324, 10 10 324 369, 3 12 390 406, 
11 9 50 86, 10 4 137 157, 5 16 168 182, 9 7 227 232, 5 5 232 240, 11 3 318 326, 3 6 385 390, 7 18 390 416, 
6 15 33 46, 14 12 46 75, 3 13 89 122, 16 20 132 147, 5 4 182 207, 16 21 207 221, 9 10 253 263, 11 2 282 318, 7 16 337 347, 13 16 374 387, 10 11 387 404, 
3 16 0 44, 9 14 44 86, 10 2 117 137, 18 9 137 150, 5 3 155 168, 9 17 168 188, 9 11 263 283, 14 10 283 308, 
