10 3 0 22, 16 5 199 224, 
4 1 21 39, 13 18 39 83, 7 11 106 153, 7 19 229 260, 
4 5 80 109, 16 3 126 159, 4 9 207 212, 
10 1 22 55, 7 6 55 101, 4 6 109 142, 16 4 159 199, 13 15 220 224, 
7 2 12 18, 10 6 147 157, 
4 13 0 21, 13 12 124 162, 4 8 162 207, 13 14 207 220, 7 20 260 278, 
7 1 0 12, 4 16 57 80, 16 2 80 112, 10 5 112 147, 7 17 183 203, 4 11 245 281, 
13 17 0 15, 1 8 212 259, 
10 9 157 176, 4 10 212 245, 
4 14 39 57, 4 7 142 162, 13 13 162 178, 7 21 278 306, 
16 18 0 18, 16 1 33 74, 13 1 83 124, 7 14 153 173, 1 7 173 212, 
1 6 58 83, 7 10 101 106, 1 4 126 169, 10 10 176 221, 
1 5 28 58, 10 4 58 78, 7 18 203 229, 
1 1 0 10, 16 20 18 33, 16 21 112 126, 7 16 173 183, 10 11 221 238, 13 16 238 251, 
1 2 10 28, 7 3 28 55, 1 3 83 126, 10 2 238 258, 4 12 281 310, 
