10 3 0 22, 7 19 22 57, 7 21 110 142, 4 7 142 165, 16 9 194 206, 16 17 292 313, 
4 1 21 39, 16 1 39 84, 7 9 142 170, 13 8 201 241, 
7 7 57 79, 4 5 80 109, 10 10 123 171, 16 7 171 178, 
13 1 16 63, 4 6 109 142, 10 1 188 221, 16 15 281 287, 
7 8 79 88, 7 20 88 110, 13 2 127 135, 16 8 178 194, 7 18 272 302, 
4 13 0 21, 10 9 102 123, 16 6 138 143, 13 4 147 159, 4 8 165 210, 16 10 210 229, 
4 16 57 80, 13 3 135 147, 4 11 260 296, 
7 1 0 17, 16 20 104 124, 7 12 223 253, 1 8 257 304, 
13 17 0 16, 7 11 175 223, 4 10 227 260, 16 16 287 292, 
16 18 0 24, 4 14 39 57, 13 7 168 201, 
1 2 10 34, 16 19 84 104, 1 7 218 257, 
10 8 58 102, 1 6 107 132, 7 10 170 175, 1 4 175 218, 4 9 218 227, 13 11 241 291, 
1 5 77 107, 7 13 253 272, 
1 1 0 10, 10 7 22 58, 16 21 124 138, 10 11 171 188, 4 12 296 327, 
1 3 34 77, 13 18 77 127, 13 6 159 168, 10 2 221 241, 16 11 241 281, 
