10 3 75 97, 7 12 240 267, 
4 1 21 39, 7 19 55 86, 13 18 86 130, 7 11 193 240, 
4 5 80 109, 16 19 109 128, 4 9 207 212, 
10 1 0 33, 4 6 109 142, 7 6 142 188, 16 15 251 257, 13 15 274 278, 
7 2 12 18, 16 7 46 51, 16 8 69 85, 10 6 152 162, 
4 13 0 21, 16 6 41 46, 7 20 86 104, 4 8 162 207, 13 12 207 245, 13 14 261 274, 
7 1 0 12, 4 16 57 80, 10 5 117 152, 4 11 245 281, 
13 17 0 15, 16 11 221 251, 1 8 251 298, 
10 9 162 181, 4 10 212 245, 16 16 257 262, 7 13 267 285, 
4 14 39 57, 7 21 104 132, 4 7 142 162, 16 9 162 171, 13 13 245 261, 
16 1 0 41, 16 18 51 69, 13 1 130 171, 1 7 171 210, 16 10 210 221, 
1 6 58 83, 1 4 126 169, 7 10 188 193, 10 10 193 238, 
1 5 28 58, 10 4 97 117, 16 17 262 281, 7 18 285 311, 
1 1 0 10, 16 20 128 143, 16 21 171 185, 10 11 238 255, 13 16 278 291, 
1 2 10 28, 7 3 28 55, 10 2 55 75, 1 3 83 126, 4 12 281 310, 
