10 3 75 97, 7 12 247 274, 
4 1 0 18, 7 19 55 86, 13 18 86 130, 7 11 200 247, 
4 5 18 47, 16 19 85 104, 4 9 190 195, 
10 1 0 33, 4 6 68 101, 7 6 149 195, 16 15 213 219, 13 15 257 261, 
7 2 12 18, 16 7 46 51, 16 8 69 85, 10 6 152 162, 
16 6 41 46, 4 13 47 68, 7 20 86 104, 4 8 145 190, 13 12 190 228, 13 14 244 257, 
7 1 0 12, 10 5 117 152, 4 16 228 251, 4 11 251 287, 
13 17 0 15, 16 11 183 213, 1 8 227 274, 
10 9 162 181, 4 10 195 228, 16 16 228 233, 7 13 274 292, 
4 7 101 121, 7 21 121 149, 16 9 149 158, 13 13 228 244, 
16 1 0 41, 16 18 51 69, 13 1 130 171, 16 10 172 183, 1 7 188 227, 
1 6 58 83, 4 15 121 145, 1 4 145 188, 7 10 195 200, 10 10 200 245, 
1 5 28 58, 10 4 97 117, 16 17 233 252, 7 18 292 318, 
1 1 0 10, 16 20 104 119, 16 21 158 172, 10 11 245 262, 13 16 262 275, 
1 2 10 28, 7 3 28 55, 10 2 55 75, 1 3 83 126, 4 12 287 316, 
