10 3 60 82, 7 21 146 178, 7 12 225 252, 16 5 297 322, 
7 19 17 48, 4 1 72 90, 7 11 178 225, 
7 7 48 70, 13 15 141 147, 10 9 152 176, 10 10 176 224, 16 3 224 257, 
10 1 0 33, 1 6 101 133, 16 4 257 297, 
7 8 105 114, 4 4 140 148, 1 7 176 225, 
4 13 0 21, 10 2 33 60, 13 12 60 98, 7 9 114 138, 7 10 138 146, 4 8 168 213, 
4 16 49 72, 10 5 102 137, 16 20 137 156, 16 2 156 188, 4 11 259 295, 
7 1 0 17, 1 8 225 272, 
4 3 120 140, 10 6 140 152, 13 17 152 168, 4 10 226 259, 
16 18 82 106, 13 13 106 122, 4 7 148 168, 
13 1 0 41, 16 1 41 82, 7 20 82 105, 
4 2 90 120, 1 4 133 176, 16 21 188 217, 4 9 217 226, 
1 5 28 58, 10 4 82 102, 7 13 252 271, 7 18 271 297, 
1 1 0 10, 4 14 21 49, 13 14 122 141, 10 11 224 241, 13 16 241 254, 4 12 295 326, 
1 2 10 28, 1 3 58 101, 13 18 168 218, 
