10 3 0 22, 7 19 22 57, 7 21 110 142, 16 9 199 211, 16 17 297 318, 
4 1 0 18, 16 1 24 69, 7 9 142 170, 13 8 219 259, 
7 7 57 79, 10 10 128 176, 16 7 176 183, 
13 1 16 63, 10 1 193 226, 16 15 286 292, 
7 8 79 88, 7 20 88 110, 13 2 127 135, 16 8 183 199, 7 18 272 302, 
4 13 18 39, 10 9 107 128, 16 6 135 140, 13 4 165 177, 4 8 177 222, 16 10 222 241, 
4 16 130 153, 13 3 153 165, 
7 1 0 17, 4 2 63 101, 16 20 101 121, 7 12 223 253, 1 8 257 304, 
13 17 0 16, 4 3 101 121, 7 11 175 223, 4 10 231 264, 16 16 292 297, 
16 18 0 24, 4 7 153 173, 13 7 186 219, 
1 2 10 34, 16 19 69 89, 4 4 121 130, 1 7 218 257, 4 11 264 305, 
4 15 39 63, 10 8 63 107, 1 6 107 132, 7 10 170 175, 1 4 175 218, 4 9 222 231, 13 11 259 309, 
1 5 77 107, 7 13 253 272, 
1 1 0 10, 10 7 22 58, 16 21 121 135, 10 11 176 193, 
1 3 34 77, 13 18 77 127, 13 6 177 186, 10 2 226 246, 16 11 246 286, 4 12 305 334, 
