10 3 0 22, 7 19 22 57, 4 7 80 103, 4 13 103 131, 7 21 131 163, 16 9 201 213, 16 17 292 313, 
4 1 0 18, 16 1 24 69, 7 9 163 191, 13 8 251 291, 
4 5 18 47, 7 7 57 79, 10 10 123 171, 16 7 171 178, 4 9 200 205, 
4 6 47 80, 13 1 80 127, 10 1 188 221, 16 15 281 287, 
7 8 79 88, 7 20 88 110, 13 2 177 185, 16 8 185 201, 4 10 205 244, 7 18 302 332, 
10 9 102 123, 16 6 123 128, 4 8 131 176, 13 4 197 209, 16 10 213 232, 
13 3 185 197, 4 11 278 314, 
7 1 0 17, 16 20 89 109, 7 12 253 283, 1 8 283 330, 
13 17 0 16, 7 11 205 253, 4 16 253 278, 16 16 287 292, 
16 18 0 24, 13 7 218 251, 
1 2 10 34, 16 19 69 89, 1 7 175 214, 
10 8 58 102, 1 6 107 132, 1 4 132 175, 4 15 176 200, 7 10 200 205, 13 11 291 341, 
1 5 77 107, 7 13 283 302, 
1 1 0 10, 10 7 22 58, 16 21 109 123, 10 11 171 188, 
1 3 34 77, 13 18 127 177, 13 6 209 218, 10 2 221 241, 16 11 241 281, 4 12 314 343, 
