10 3 91 113, 7 12 238 265, 16 5 281 306, 
4 1 0 18, 7 5 45 55, 7 19 101 132, 13 18 132 176, 7 11 191 238, 
16 19 18 37, 4 9 203 208, 16 3 208 241, 
10 1 0 33, 7 6 55 101, 13 15 216 220, 16 4 241 281, 
7 2 12 18, 4 4 130 138, 10 6 168 178, 
4 13 18 39, 13 12 59 97, 7 20 132 150, 4 8 158 203, 13 14 203 216, 
7 1 0 12, 7 4 18 45, 4 16 57 80, 10 5 133 168, 16 2 168 200, 4 11 241 277, 
13 17 97 112, 1 8 217 264, 
4 3 110 130, 10 9 178 197, 4 10 208 241, 7 13 265 283, 
4 14 39 57, 13 13 112 128, 4 7 138 158, 7 21 158 186, 
16 18 0 18, 13 1 18 59, 16 1 66 107, 1 7 178 217, 
4 2 80 110, 1 6 110 135, 1 4 135 178, 7 10 186 191, 10 10 197 242, 
1 5 71 101, 10 4 113 133, 7 18 283 309, 
1 1 0 10, 16 20 37 52, 16 21 52 66, 13 16 220 233, 10 11 242 259, 
1 2 10 28, 1 3 28 71, 10 2 71 91, 4 12 277 306, 
