4 13 18 46, 10 3 60 82, 16 1 99 142, 7 21 200 232, 1 7 232 272, 
4 1 0 18, 7 19 18 49, 7 9 81 109, 4 6 124 160, 13 18 160 204, 
7 7 49 71, 4 5 95 124, 10 9 192 216, 4 9 225 230, 10 10 230 278, 
10 1 0 33, 13 12 60 104, 1 6 187 219, 
16 8 177 193, 16 15 249 258, 7 17 258 284, 
10 2 33 60, 7 20 114 132, 4 8 180 225, 13 15 234 239, 
7 1 0 12, 16 20 18 37, 10 5 102 137, 4 11 263 299, 
16 11 219 249, 1 8 272 319, 
13 17 44 60, 4 16 70 95, 7 11 132 180, 10 6 180 192, 4 10 230 263, 
13 1 0 44, 7 8 71 81, 4 7 160 180, 13 13 204 220, 
16 18 0 18, 1 2 18 42, 7 14 180 200, 16 10 208 219, 13 16 239 257, 
4 15 46 70, 16 21 70 99, 7 10 109 114, 1 4 114 157, 16 6 157 167, 16 16 258 264, 
10 4 82 102, 1 5 157 187, 16 9 193 208, 13 14 220 234, 16 17 264 283, 7 18 284 310, 
1 1 0 10, 16 7 167 177, 7 16 232 242, 10 11 278 295, 
1 3 42 85, 4 12 299 328, 
