10 3 33 55, 
4 1 0 18, 7 11 106 153, 13 18 153 197, 7 19 229 260, 
4 9 203 208, 
10 1 0 33, 7 6 55 101, 13 15 141 145, 16 15 214 220, 
7 2 12 18, 4 4 107 115, 16 7 117 122, 16 8 122 138, 10 6 173 183, 
4 13 18 39, 13 12 74 112, 16 6 112 117, 13 14 128 141, 4 8 158 203, 7 20 260 278, 
7 1 0 12, 4 16 115 138, 10 5 138 173, 7 17 183 203, 4 11 241 277, 
13 17 59 74, 16 11 184 214, 1 8 223 270, 
4 3 87 107, 10 9 183 202, 4 10 208 241, 16 16 241 246, 
4 14 69 87, 13 13 112 128, 4 7 138 158, 16 9 158 167, 7 21 278 306, 
16 18 0 18, 13 1 18 59, 16 1 59 100, 7 14 153 173, 16 10 173 184, 1 7 184 223, 
4 2 39 69, 1 6 69 94, 7 10 101 106, 1 4 137 180, 10 10 202 247, 
1 5 28 58, 10 4 75 95, 7 18 203 229, 16 17 246 265, 
1 1 0 10, 16 20 18 33, 16 21 33 47, 7 16 173 183, 13 16 197 210, 10 11 247 264, 
1 2 10 28, 7 3 28 55, 10 2 55 75, 1 3 94 137, 4 12 277 306, 
