10 3 0 22, 3 8 83 89, 11 7 89 129, 14 2 186 196, 3 15 401 411, 
9 13 0 44, 11 8 129 135, 13 18 135 179, 3 5 203 222, 3 11 294 323, 3 14 323 334, 
5 2 78 112, 5 17 125 146, 3 10 255 294, 9 4 339 352, 14 8 352 360, 3 19 381 401, 
5 1 11 40, 6 1 51 84, 10 1 98 131, 3 1 139 168, 9 16 168 210, 14 3 210 218, 14 11 218 260, 5 7 260 284, 13 15 284 288, 14 5 288 297, 9 20 301 319, 16 15 319 325, 14 6 325 352, 5 9 352 389, 
3 7 0 39, 5 15 40 64, 16 7 93 98, 3 9 109 139, 16 8 139 155, 6 16 177 208, 6 3 208 222, 9 15 231 245, 6 4 245 262, 11 4 262 283, 
6 5 0 33, 11 1 33 63, 16 6 88 93, 6 2 158 177, 13 12 179 217, 13 14 233 246, 11 5 283 312, 9 5 352 357, 9 6 357 386, 9 12 386 427, 
3 3 195 203, 9 2 245 266, 6 14 277 287, 3 4 339 352, 3 18 352 381, 5 18 389 423, 
5 14 0 11, 13 17 11 26, 6 10 222 236, 16 11 236 266, 
6 7 84 101, 14 1 143 186, 10 9 186 205, 6 20 328 352, 16 16 352 357, 
11 6 0 27, 6 6 33 51, 3 17 89 109, 16 9 155 164, 13 13 217 233, 14 13 260 267, 6 18 287 313, 
16 1 0 41, 16 18 41 59, 13 1 59 100, 3 2 168 195, 16 10 195 206, 6 9 262 277, 
14 9 0 10, 10 7 22 54, 10 8 54 98, 6 17 114 158, 9 1 210 231, 10 10 231 276, 6 19 313 328, 3 12 411 427, 
5 16 64 78, 11 9 179 215, 11 3 215 223, 9 7 266 271, 5 8 284 313, 3 6 334 339, 16 17 357 376, 
16 20 59 74, 16 21 74 88, 6 15 101 114, 14 12 114 143, 11 2 143 179, 3 13 222 255, 9 10 291 301, 13 16 301 314, 10 11 314 331, 
14 10 10 35, 3 16 39 83, 5 3 112 125, 9 14 125 167, 9 17 271 291, 10 2 291 311, 9 11 319 339, 
