10 3 0 22, 11 7 27 67, 14 2 67 77, 2 5 173 206, 7 12 273 300, 13 10 300 312, 8 11 312 327, 
4 1 21 39, 7 19 39 70, 17 18 108 123, 11 8 127 133, 13 18 147 191, 13 7 195 222, 7 11 226 273, 17 17 273 315, 
7 7 97 119, 17 14 123 135, 17 21 135 150, 8 20 155 200, 14 8 200 208, 4 9 211 216, 8 7 233 268, 5 17 290 311, 
8 1 0 50, 5 1 50 79, 14 3 79 87, 14 5 87 96, 17 3 97 108, 10 1 108 141, 2 12 148 173, 5 10 173 202, 14 11 233 275, 16 15 275 281, 2 3 288 328, 
5 15 11 35, 2 1 46 56, 4 4 113 121, 7 8 121 130, 10 6 141 151, 16 7 159 164, 16 8 164 180, 11 4 241 262, 8 10 288 311, 2 6 328 366, 
4 13 0 21, 2 7 21 46, 17 13 46 79, 7 20 79 97, 11 1 97 127, 7 9 130 154, 16 6 154 159, 4 8 166 211, 5 12 246 272, 8 8 272 288, 11 5 288 317, 
7 1 0 12, 10 5 42 77, 8 18 84 99, 13 2 118 123, 4 16 123 146, 17 5 193 204, 2 13 212 251, 4 11 251 287, 5 18 311 345, 
5 14 0 11, 13 17 103 118, 13 5 123 147, 2 2 206 212, 16 11 212 242, 1 8 280 327, 17 12 334 351, 
14 1 0 43, 4 3 93 113, 2 4 138 148, 14 7 148 177, 13 6 191 195, 10 9 195 214, 4 10 216 249, 13 9 249 270, 16 16 281 286, 7 13 300 318, 
11 6 0 27, 8 17 50 84, 17 2 84 97, 2 8 97 138, 4 7 146 166, 16 9 180 189, 7 21 198 226, 2 14 251 288, 14 13 288 295, 13 11 312 359, 
17 1 0 44, 16 18 44 62, 13 1 62 103, 16 1 103 144, 17 22 150 167, 16 10 189 200, 1 7 241 280, 17 7 315 334, 
4 2 39 69, 4 15 69 93, 14 9 96 106, 8 3 120 155, 1 6 155 180, 17 4 180 193, 7 10 193 198, 1 4 198 241, 10 10 253 298, 
10 4 22 42, 1 5 71 101, 5 16 101 115, 11 9 133 169, 8 6 200 233, 11 3 233 241, 16 17 286 305, 7 18 318 344, 
1 1 0 10, 16 20 62 77, 16 21 77 91, 14 12 106 135, 11 2 169 205, 5 11 205 246, 5 13 272 290, 10 11 298 315, 
1 2 10 28, 1 3 28 71, 8 2 99 120, 14 10 208 233, 10 2 233 253, 4 12 287 316, 
