10 3 53 75, 11 7 79 119, 17 16 130 135, 2 5 249 282, 7 12 296 323, 16 5 323 348, 8 11 348 363, 
11 8 0 6, 7 19 12 43, 17 18 43 58, 4 1 75 93, 13 18 93 137, 17 17 137 179, 13 7 179 206, 13 8 206 246, 7 11 249 296, 
17 21 58 73, 7 7 73 95, 8 20 100 145, 16 3 145 178, 14 4 178 196, 4 9 218 223, 8 7 234 269, 5 17 276 297, 14 8 358 366, 
10 1 0 33, 8 1 34 84, 5 1 84 113, 5 10 113 142, 2 12 142 167, 14 11 196 238, 16 4 238 278, 2 3 282 322, 14 5 322 331, 14 6 331 358, 
2 1 0 10, 5 15 11 35, 7 8 95 104, 4 4 143 151, 10 6 151 161, 11 4 242 263, 8 10 285 308, 2 6 322 360, 
4 13 0 21, 2 7 21 46, 7 20 46 64, 17 13 73 106, 11 1 119 149, 7 9 149 173, 4 8 173 218, 5 12 218 244, 8 8 269 285, 11 5 285 314, 
7 1 0 12, 4 16 52 75, 13 2 75 80, 16 2 82 114, 10 5 114 149, 2 13 167 206, 4 11 256 292, 5 18 297 331, 
5 14 0 11, 13 17 41 56, 17 15 123 130, 13 5 137 161, 2 2 243 249, 1 8 283 330, 17 12 330 347, 
14 1 0 43, 2 4 46 56, 4 3 123 143, 13 6 161 165, 10 9 165 184, 4 10 223 256, 7 13 323 341, 
8 17 0 34, 4 14 34 52, 11 6 52 79, 2 8 79 120, 4 7 151 171, 7 21 173 201, 2 14 206 243, 14 13 243 250, 17 2 250 263, 13 11 263 310, 
13 1 0 41, 16 1 41 82, 8 19 84 100, 17 22 106 123, 16 18 178 196, 17 1 196 240, 1 7 244 283, 17 7 309 328, 
14 9 43 53, 4 2 93 123, 1 6 123 148, 8 3 166 201, 1 4 201 244, 7 10 244 249, 10 10 249 294, 
11 9 6 42, 1 5 42 72, 10 4 75 95, 8 6 201 234, 11 3 234 242, 5 16 244 258, 17 6 263 309, 7 18 341 367, 
1 1 0 10, 14 12 53 82, 5 11 142 183, 11 2 183 219, 5 13 258 276, 16 20 278 293, 16 21 293 307, 10 11 307 324, 
1 2 10 28, 10 2 33 53, 1 3 72 115, 14 10 115 140, 8 2 145 166, 4 12 292 321, 
