10 3 0 22, 11 7 91 131, 17 11 131 155, 14 2 155 165, 2 5 183 216, 7 12 281 308, 17 16 320 325, 
7 19 12 43, 17 18 44 59, 4 1 68 86, 17 9 86 115, 13 18 115 159, 11 8 159 165, 7 5 170 180, 7 11 234 281, 17 17 325 367, 
8 12 99 142, 5 17 142 163, 5 2 163 197, 17 21 197 212, 4 9 244 249, 8 20 252 297, 14 8 324 332, 
5 1 0 29, 8 1 34 84, 10 1 84 117, 2 3 118 158, 2 12 158 183, 7 6 183 229, 14 11 229 271, 16 15 271 277, 14 3 278 286, 14 5 286 295, 5 9 295 332, 13 15 332 336, 
2 1 46 56, 5 15 56 80, 7 2 109 115, 16 7 129 134, 4 4 136 144, 16 8 148 164, 10 6 205 215, 2 6 216 254, 11 4 279 300, 
4 13 0 21, 2 7 21 46, 11 1 61 91, 7 20 91 109, 16 6 109 114, 17 13 155 188, 4 8 199 244, 13 12 244 282, 13 14 298 311, 11 5 311 340, 
7 1 0 12, 4 16 45 68, 8 18 84 99, 7 4 143 170, 10 5 170 205, 2 13 254 293, 4 11 293 329, 5 18 332 366, 
13 17 0 15, 5 14 29 40, 2 2 112 118, 16 11 219 249, 17 12 249 266, 1 8 266 313, 17 15 313 320, 
14 1 0 43, 17 8 59 76, 2 4 102 112, 4 3 116 136, 10 9 215 234, 4 10 249 282, 16 16 282 287, 14 7 295 324, 7 13 324 342, 
8 17 0 34, 11 6 34 61, 2 8 61 102, 7 21 115 143, 8 15 143 179, 4 7 179 199, 16 9 199 208, 8 13 208 252, 14 13 271 278, 13 13 282 298, 2 14 298 335, 
17 1 0 44, 16 1 44 85, 16 18 85 103, 13 1 159 200, 16 10 208 219, 1 7 219 258, 5 6 258 286, 17 22 286 303, 
4 15 21 45, 14 9 45 55, 4 2 86 116, 1 4 116 159, 1 6 189 214, 7 10 229 234, 10 10 234 279, 
5 16 80 94, 10 4 117 137, 1 5 159 189, 11 9 189 225, 5 5 235 243, 11 3 271 279, 16 17 287 306, 7 18 342 368, 
1 1 0 10, 14 12 55 84, 16 20 114 129, 16 21 134 148, 5 4 210 235, 11 2 235 271, 10 11 279 296, 8 14 297 328, 8 16 328 356, 13 16 356 369, 
1 2 10 28, 1 3 28 71, 17 10 115 128, 10 2 137 157, 14 10 165 190, 5 3 197 210, 4 12 329 358, 
