11 7 79 119, 10 3 119 141, 17 16 141 146, 2 5 248 281, 7 12 281 308, 16 5 308 333, 8 11 350 365, 
11 8 0 6, 17 18 6 21, 7 19 21 52, 4 1 75 93, 13 18 112 156, 17 17 156 198, 7 11 198 245, 13 7 245 272, 13 8 272 312, 
17 21 21 36, 7 7 70 92, 16 3 107 140, 8 20 141 186, 14 4 186 204, 4 9 244 249, 5 17 249 270, 8 7 275 310, 14 8 348 356, 
10 1 0 33, 5 1 33 62, 5 10 62 91, 8 1 91 141, 2 12 141 166, 16 4 166 206, 14 11 206 248, 14 5 255 264, 2 3 281 321, 14 6 321 348, 
2 1 0 10, 7 8 92 101, 5 15 108 132, 4 4 164 172, 11 4 221 242, 10 6 242 252, 2 6 321 359, 
4 13 0 21, 2 7 21 46, 7 20 52 70, 17 13 70 103, 7 9 103 127, 11 1 127 157, 5 12 173 199, 4 8 199 244, 11 5 244 273, 8 8 310 326, 
7 1 0 12, 8 18 34 49, 4 16 52 75, 16 2 75 107, 13 2 107 112, 2 13 166 205, 10 5 205 240, 4 11 282 318, 5 18 318 352, 
13 17 82 97, 5 14 97 108, 17 15 120 127, 13 5 156 180, 2 2 242 248, 1 8 281 328, 17 12 340 357, 
14 1 0 43, 2 4 46 56, 4 3 144 164, 13 6 180 184, 4 10 249 282, 10 9 282 301, 7 13 308 326, 8 9 326 350, 
8 17 0 34, 4 14 34 52, 11 6 52 79, 2 8 79 120, 7 21 127 155, 4 7 172 192, 2 14 205 242, 14 13 248 255, 17 2 255 268, 13 11 312 359, 
16 1 0 41, 13 1 41 82, 17 22 103 120, 16 18 140 158, 17 1 198 242, 1 7 242 281, 17 7 321 340, 
14 9 43 53, 1 4 71 114, 4 2 114 144, 1 6 144 169, 7 10 169 174, 8 3 207 242, 10 10 301 346, 
11 9 6 42, 1 5 114 144, 10 4 144 164, 5 16 199 213, 11 3 213 221, 8 6 242 275, 17 6 275 321, 7 18 326 352, 
1 1 0 10, 14 12 53 82, 5 11 132 173, 11 2 173 209, 5 13 213 231, 16 20 231 246, 16 21 246 260, 10 11 346 363, 
1 2 10 28, 1 3 28 71, 10 2 71 91, 14 10 91 116, 8 2 186 207, 4 12 318 347, 
