10 3 0 22, 14 2 84 94, 11 7 94 134, 17 11 134 158, 2 5 183 216, 7 12 281 308, 17 16 309 314, 
7 19 12 43, 17 18 44 59, 4 1 68 86, 17 9 86 115, 13 18 115 159, 7 5 159 169, 11 8 169 175, 7 11 234 281, 17 17 314 356, 
8 12 99 142, 5 17 142 163, 5 2 163 197, 17 21 197 212, 4 9 243 248, 8 20 251 296, 14 8 324 332, 
5 1 0 29, 8 1 34 84, 10 1 84 117, 2 3 118 158, 2 12 158 183, 7 6 183 229, 14 11 229 271, 16 15 271 277, 14 3 278 286, 14 5 286 295, 5 9 295 332, 13 15 332 336, 
2 1 46 56, 5 15 56 80, 7 2 80 86, 16 7 123 128, 4 4 136 144, 16 8 144 160, 10 6 192 202, 2 6 216 254, 11 4 279 300, 
4 13 0 21, 2 7 21 46, 7 20 46 64, 11 1 64 94, 16 6 103 108, 17 13 158 191, 4 8 198 243, 13 12 243 281, 13 14 297 310, 11 5 310 339, 
7 1 0 12, 4 16 45 68, 8 18 84 99, 7 4 130 157, 10 5 157 192, 2 13 254 293, 4 11 293 329, 5 18 332 366, 
13 17 0 15, 5 14 29 40, 2 2 112 118, 16 11 218 248, 17 12 248 265, 17 15 302 309, 1 8 309 356, 
14 1 0 43, 17 8 59 76, 2 4 102 112, 4 3 116 136, 10 9 202 221, 4 10 248 281, 16 16 281 286, 14 7 295 324, 7 13 324 342, 
8 17 0 34, 11 6 34 61, 2 8 61 102, 7 21 102 130, 8 15 142 178, 4 7 178 198, 16 9 198 207, 8 13 207 251, 14 13 271 278, 13 13 281 297, 2 14 297 334, 
17 1 0 44, 16 1 44 85, 16 18 85 103, 13 1 159 200, 16 10 207 218, 1 7 218 257, 5 6 257 285, 17 22 285 302, 
4 15 21 45, 14 9 45 55, 4 2 86 116, 1 4 116 159, 1 6 189 214, 7 10 229 234, 10 10 234 279, 
5 16 80 94, 10 4 117 137, 1 5 159 189, 11 9 189 225, 5 5 235 243, 11 3 271 279, 16 17 286 305, 7 18 342 368, 
1 1 0 10, 14 12 55 84, 16 20 108 123, 16 21 128 142, 5 4 210 235, 11 2 235 271, 10 11 279 296, 8 14 296 327, 8 16 327 355, 13 16 355 368, 
1 2 10 28, 1 3 28 71, 17 10 115 128, 10 2 137 157, 14 10 157 182, 5 3 197 210, 4 12 329 358, 
