10 3 0 22, 11 7 33 73, 17 16 101 106, 14 2 106 116, 2 5 181 214, 7 12 269 296, 16 5 316 341, 8 11 341 356, 
11 8 0 6, 17 18 6 21, 4 1 21 39, 7 19 39 70, 13 7 103 130, 13 8 130 170, 17 17 180 222, 7 11 222 269, 13 18 314 358, 
7 7 12 34, 16 19 59 78, 17 21 79 94, 13 4 94 99, 8 20 162 207, 4 9 207 212, 16 3 228 261, 8 7 261 296, 5 17 306 327, 14 8 343 351, 
8 1 0 50, 10 1 50 83, 5 1 83 112, 5 10 112 141, 2 3 141 181, 14 11 181 223, 2 12 223 248, 14 3 252 260, 14 5 267 276, 16 4 276 316, 14 6 316 343, 
2 1 0 10, 5 15 27 51, 7 8 70 79, 4 4 130 138, 10 6 196 206, 2 6 248 286, 11 4 296 317, 
4 13 0 21, 2 7 21 46, 17 13 46 79, 11 1 79 109, 7 9 109 133, 7 20 133 151, 4 8 158 203, 5 12 203 229, 8 8 296 312, 11 5 317 346, 
7 1 0 12, 13 2 41 46, 13 3 46 58, 4 16 87 110, 8 18 112 127, 10 5 161 196, 16 2 196 228, 4 11 245 281, 2 13 286 325, 5 18 327 361, 
2 2 10 16, 5 14 16 27, 17 15 94 101, 13 17 170 185, 1 8 274 321, 17 12 321 338, 
2 4 46 56, 14 1 56 99, 13 6 99 103, 4 3 110 130, 4 10 212 245, 10 9 245 264, 7 13 296 314, 8 9 314 338, 
11 6 6 33, 4 14 39 57, 8 17 57 91, 2 8 91 132, 4 7 138 158, 7 21 158 186, 17 2 222 235, 14 13 260 267, 13 11 267 314, 2 14 325 362, 
13 1 0 41, 16 18 41 59, 16 1 78 119, 17 1 119 163, 17 22 163 180, 1 7 235 274, 17 7 286 305, 
14 9 0 10, 4 2 57 87, 8 3 127 162, 1 4 162 205, 7 10 205 210, 1 6 210 235, 10 10 264 309, 
5 16 51 65, 10 4 83 103, 1 5 103 133, 11 9 133 169, 8 6 207 240, 17 6 240 286, 11 3 288 296, 7 18 314 340, 
1 1 0 10, 16 20 119 134, 16 21 134 148, 5 11 148 189, 14 12 223 252, 11 2 252 288, 5 13 288 306, 10 11 309 326, 
1 2 10 28, 1 3 28 71, 8 2 91 112, 14 10 116 141, 10 2 141 161, 4 12 281 310, 
