10 3 0 22, 11 7 33 73, 17 16 76 81, 14 2 127 137, 2 5 172 205, 7 12 257 284, 8 11 326 341, 
11 8 0 6, 17 18 6 21, 4 1 21 39, 7 19 39 70, 13 18 100 144, 17 17 161 203, 7 11 210 257, 
7 7 12 34, 17 21 54 69, 5 2 79 113, 5 17 113 134, 8 20 162 207, 4 9 207 212, 8 7 240 275, 14 8 290 298, 
8 1 0 50, 5 1 50 79, 10 1 79 112, 2 3 132 172, 14 3 172 180, 14 5 180 189, 14 6 189 216, 2 12 216 241, 14 11 241 283, 5 9 283 320, 16 15 320 326, 13 15 326 330, 
2 1 0 10, 5 15 11 35, 7 8 70 79, 16 7 98 103, 16 8 103 119, 4 4 130 138, 10 6 202 212, 2 6 241 279, 11 4 294 315, 
4 13 0 21, 17 13 21 54, 2 7 54 79, 16 6 79 84, 7 9 84 108, 11 1 108 138, 7 20 138 156, 4 8 158 203, 13 12 203 241, 13 14 257 270, 8 8 275 291, 11 5 315 344, 
7 1 0 12, 4 16 87 110, 8 18 112 127, 10 5 167 202, 4 11 245 281, 2 13 281 320, 5 18 320 354, 
5 14 0 11, 13 17 11 26, 2 2 26 32, 17 15 69 76, 16 11 206 236, 1 8 274 321, 17 12 321 338, 
14 1 10 53, 2 4 79 89, 4 3 110 130, 4 10 212 245, 10 9 245 264, 7 13 284 302, 8 9 302 326, 16 16 326 331, 
11 6 6 33, 4 14 39 57, 8 17 57 91, 2 8 91 132, 4 7 138 158, 7 21 158 186, 16 9 186 195, 17 2 203 216, 13 13 241 257, 14 13 283 290, 2 14 320 357, 
16 1 0 41, 16 18 41 59, 13 1 59 100, 17 1 100 144, 17 22 144 161, 16 10 195 206, 5 6 206 234, 1 7 235 274, 17 7 286 305, 
14 9 0 10, 4 2 57 87, 8 3 127 162, 1 4 162 205, 7 10 205 210, 1 6 210 235, 10 10 264 309, 
5 16 35 49, 1 5 71 101, 10 4 112 132, 11 9 138 174, 5 5 174 182, 8 6 207 240, 17 6 240 286, 11 3 286 294, 7 18 302 328, 16 17 331 350, 
1 1 0 10, 16 20 59 74, 16 21 84 98, 14 12 98 127, 5 4 147 172, 11 2 174 210, 10 11 309 326, 13 16 330 343, 
1 2 10 28, 1 3 28 71, 8 2 91 112, 5 3 134 147, 10 2 147 167, 14 10 216 241, 4 12 281 310, 
