10 3 0 22, 11 7 79 119, 17 16 127 132, 2 5 242 275, 7 12 275 302, 16 5 302 327, 8 11 349 364, 
11 8 0 6, 17 18 6 21, 7 19 21 52, 4 1 75 93, 13 18 112 156, 17 17 156 198, 7 11 198 245, 13 7 245 272, 13 8 272 312, 
17 21 21 36, 7 7 70 92, 16 3 107 140, 8 20 140 185, 14 4 185 203, 5 17 220 241, 4 9 247 252, 8 7 274 309, 14 8 351 359, 
5 1 0 29, 8 1 49 99, 5 10 106 135, 2 12 135 160, 10 1 160 193, 16 4 193 233, 14 11 233 275, 2 3 275 315, 14 5 315 324, 14 6 324 351, 
2 1 0 10, 5 15 40 64, 7 8 92 101, 4 4 147 155, 10 6 226 236, 11 4 282 303, 2 6 315 353, 
4 13 0 21, 2 7 21 46, 7 20 52 70, 17 13 70 103, 7 9 103 127, 11 1 127 157, 5 12 176 202, 4 8 202 247, 8 8 309 325, 11 5 325 354, 
7 1 0 12, 8 18 34 49, 4 16 52 75, 16 2 75 107, 13 2 107 112, 10 5 112 147, 2 13 160 199, 5 18 241 275, 4 11 288 324, 
5 14 29 40, 13 17 82 97, 17 15 120 127, 13 5 156 180, 2 2 236 242, 1 8 281 328, 17 12 347 364, 
14 1 0 43, 2 4 46 56, 4 3 127 147, 13 6 180 184, 10 9 236 255, 4 10 255 288, 7 13 302 320, 8 9 325 349, 
8 17 0 34, 4 14 34 52, 11 6 52 79, 2 8 79 120, 7 21 127 155, 4 7 155 175, 2 14 199 236, 17 2 242 255, 14 13 275 282, 13 11 312 359, 
16 1 0 41, 13 1 41 82, 17 22 103 120, 16 18 140 158, 17 1 198 242, 1 7 242 281, 17 7 328 347, 
14 9 43 53, 1 6 72 97, 4 2 97 127, 1 4 140 183, 7 10 183 188, 8 3 206 241, 10 10 255 300, 
11 9 6 42, 1 5 42 72, 10 4 72 92, 5 16 92 106, 8 6 241 274, 11 3 274 282, 17 6 282 328, 7 18 328 354, 
1 1 0 10, 14 12 53 82, 5 11 135 176, 5 13 202 220, 11 2 220 256, 16 20 256 271, 16 21 271 285, 10 11 300 317, 
1 2 10 28, 1 3 97 140, 14 10 140 165, 8 2 185 206, 10 2 206 226, 4 12 324 353, 
