10 3 0 22, 11 7 91 131, 17 11 131 155, 2 5 183 216, 7 12 281 308, 17 16 312 317, 
7 19 12 43, 17 18 44 59, 17 9 76 105, 4 1 105 123, 13 18 123 167, 11 8 167 173, 7 5 173 183, 7 11 234 281, 17 17 317 359, 
8 12 99 142, 5 17 142 163, 5 2 163 197, 14 4 197 215, 17 21 215 230, 4 9 246 251, 8 20 254 299, 14 8 355 363, 
5 1 0 29, 8 1 34 84, 10 1 84 117, 2 3 118 158, 2 12 158 183, 7 6 183 229, 14 5 240 249, 14 11 249 291, 16 15 291 297, 5 9 297 334, 13 15 334 338, 
2 1 46 56, 5 15 56 80, 7 2 109 115, 16 7 129 134, 16 8 148 164, 4 4 173 181, 10 6 205 215, 2 6 216 254, 11 4 279 300, 
4 13 0 21, 2 7 21 46, 11 1 61 91, 7 20 91 109, 16 6 109 114, 17 13 155 188, 4 8 201 246, 13 12 246 284, 13 14 300 313, 11 5 313 342, 
7 1 0 12, 4 16 45 68, 8 18 84 99, 7 4 143 170, 10 5 170 205, 2 13 254 293, 4 11 293 329, 5 18 334 368, 
13 17 0 15, 5 14 29 40, 2 2 112 118, 16 11 221 251, 17 12 251 268, 17 15 305 312, 1 8 312 359, 
14 1 10 53, 17 8 59 76, 2 4 102 112, 4 3 153 173, 10 9 215 234, 4 10 251 284, 16 16 297 302, 7 13 308 326, 14 7 326 355, 
8 17 0 34, 11 6 34 61, 2 8 61 102, 7 21 115 143, 8 15 143 179, 4 7 181 201, 16 9 201 210, 8 13 210 254, 13 13 284 300, 14 13 300 307, 2 14 307 344, 
17 1 0 44, 16 1 44 85, 16 18 85 103, 13 1 167 208, 16 10 210 221, 1 7 221 260, 5 6 260 288, 17 22 288 305, 
14 9 0 10, 4 15 21 45, 1 4 71 114, 4 2 123 153, 1 6 167 192, 7 10 229 234, 10 10 234 279, 
5 16 80 94, 10 4 117 137, 1 5 137 167, 11 9 173 209, 5 5 235 243, 11 3 271 279, 16 17 302 321, 7 18 326 352, 
1 1 0 10, 14 12 53 82, 16 20 114 129, 16 21 134 148, 5 4 210 235, 11 2 235 271, 10 11 279 296, 8 14 299 330, 8 16 330 358, 13 16 358 371, 
1 2 10 28, 1 3 28 71, 17 10 105 118, 10 2 137 157, 5 3 197 210, 14 10 215 240, 4 12 329 358, 
