10 3 53 75, 17 19 91 97, 2 5 125 158, 7 12 164 191, 11 7 205 245, 17 11 301 325, 8 11 341 356, 
17 18 0 15, 4 1 21 39, 11 8 84 90, 7 11 117 164, 17 17 164 206, 7 19 206 237, 17 9 237 266, 13 18 266 310, 
7 7 12 34, 16 19 59 78, 17 14 79 91, 8 20 99 144, 14 4 144 162, 4 9 221 226, 8 7 266 301, 5 17 301 322, 14 8 322 330, 
10 1 0 33, 8 1 34 84, 5 1 84 113, 5 10 127 156, 2 12 158 183, 14 11 183 225, 14 5 232 241, 14 6 241 268, 16 15 268 274, 2 3 274 314, 13 15 314 318, 
2 1 0 10, 7 8 34 43, 5 15 43 67, 4 4 130 138, 10 6 165 175, 16 7 176 181, 16 8 181 197, 11 4 274 295, 2 6 314 352, 
4 13 0 21, 2 7 21 46, 17 13 46 79, 7 9 79 103, 11 1 103 133, 13 12 133 171, 16 6 171 176, 4 8 176 221, 13 14 222 235, 7 20 237 255, 5 12 255 281, 8 8 301 317, 11 5 317 346, 
7 1 0 12, 8 18 84 99, 4 16 107 130, 10 5 130 165, 2 13 183 222, 4 11 259 295, 5 18 322 356, 
5 14 0 11, 13 17 171 186, 2 2 222 228, 16 11 228 258, 1 8 258 305, 17 12 325 342, 
14 1 0 43, 2 4 46 56, 4 3 87 107, 10 9 175 194, 17 8 206 223, 4 10 226 259, 17 20 266 271, 7 13 271 289, 16 16 289 294, 8 9 317 341, 
8 17 0 34, 4 14 39 57, 11 6 57 84, 2 8 84 125, 4 7 138 158, 16 9 197 206, 13 13 206 222, 14 13 225 232, 2 14 232 269, 7 21 315 343, 
13 1 0 41, 16 18 41 59, 16 1 78 119, 17 1 119 163, 16 10 206 217, 1 7 217 256, 17 22 284 301, 
14 9 43 53, 4 2 57 87, 1 6 87 112, 7 10 112 117, 1 4 155 198, 8 3 198 233, 10 10 233 278, 
1 5 28 58, 10 4 75 95, 5 16 113 127, 11 9 133 169, 8 6 233 266, 11 3 266 274, 7 18 289 315, 16 17 315 334, 
1 1 0 10, 14 12 53 82, 16 20 119 134, 16 21 134 148, 11 2 169 205, 5 11 205 246, 5 13 281 299, 10 11 299 316, 13 16 318 331, 
1 2 10 28, 10 2 33 53, 14 10 82 107, 1 3 112 155, 8 2 155 176, 17 10 271 284, 4 12 295 324, 
