10 3 33 55, 2 5 95 128, 11 7 169 209, 3 8 214 220, 3 15 401 411, 
11 8 127 133, 12 6 204 246, 3 14 285 296, 3 5 335 354, 3 11 372 401, 
12 13 0 22, 12 8 22 40, 3 19 93 113, 3 10 296 335, 
10 1 0 33, 2 3 55 95, 3 1 113 142, 2 12 169 194, 12 10 344 362, 
2 1 0 10, 3 7 142 181, 10 6 181 191, 3 9 220 250, 12 3 250 255, 11 4 255 276, 2 6 276 314, 
11 1 0 30, 2 7 30 55, 12 9 255 260, 11 5 276 305, 
12 16 40 50, 3 18 64 93, 10 5 120 155, 3 3 277 285, 2 13 314 353, 3 4 359 372, 12 11 377 416, 
2 2 10 16, 1 8 316 363, 
2 4 16 26, 10 9 191 210, 
3 17 44 64, 11 6 100 127, 2 8 128 169, 2 14 353 390, 12 12 416 423, 
12 1 50 79, 3 2 250 277, 1 7 277 316, 12 7 362 377, 
12 17 147 185, 1 6 190 215, 1 4 215 258, 10 10 258 303, 12 4 303 344, 3 12 411 427, 
1 5 62 92, 11 3 92 100, 10 4 100 120, 11 9 133 169, 12 18 185 204, 3 6 354 359, 
1 1 0 10, 11 2 30 66, 3 13 181 214, 10 11 303 320, 
3 16 0 44, 1 2 44 62, 12 5 79 103, 12 2 103 147, 1 3 147 190, 10 2 320 340, 
