10 3 0 22, 12 14 40 45, 15 13 66 75, 2 5 75 108, 15 15 108 150, 3 8 192 198, 11 7 252 292, 3 15 292 302, 
11 8 0 6, 3 5 56 75, 12 6 175 217, 15 9 243 261, 3 14 274 285, 15 5 292 304, 3 11 390 419, 
12 8 0 18, 12 13 18 40, 5 17 135 156, 5 2 156 190, 3 10 331 370, 3 19 370 390, 
3 1 0 29, 12 10 50 68, 5 1 68 97, 2 3 108 148, 10 1 148 181, 6 1 190 223, 2 12 223 248, 5 7 248 272, 5 9 301 338, 
2 1 25 35, 5 15 97 121, 6 16 121 152, 3 7 153 192, 3 9 211 241, 2 6 248 286, 6 3 301 315, 11 4 315 336, 12 3 336 341, 6 4 351 368, 15 6 368 411, 
2 7 0 25, 12 9 45 50, 6 5 50 83, 11 1 83 113, 6 2 223 242, 15 3 261 278, 11 5 336 365, 
15 12 0 45, 3 3 75 83, 12 11 83 122, 3 4 198 211, 15 4 284 292, 3 18 302 331, 6 14 341 351, 2 13 351 390, 5 18 390 424, 
5 14 0 11, 2 2 45 51, 6 8 152 190, 15 8 197 225, 1 8 225 272, 15 11 278 284, 
2 4 35 45, 15 14 45 66, 6 7 101 118, 15 7 150 197, 12 15 224 263, 10 9 263 282, 6 20 397 421, 
6 6 83 101, 3 17 128 148, 2 8 148 189, 11 6 189 216, 12 12 217 224, 6 18 315 341, 2 14 390 427, 
3 2 29 56, 12 1 122 151, 1 7 182 221, 15 1 225 243, 6 9 286 301, 12 7 382 397, 
10 7 22 54, 10 8 54 98, 1 6 114 139, 1 4 139 182, 6 17 242 286, 10 10 286 331, 12 4 341 382, 6 19 382 397, 3 12 419 435, 
1 5 84 114, 5 16 121 135, 3 6 148 153, 11 3 153 161, 11 9 216 252, 5 8 272 301, 12 18 307 326, 
6 15 0 13, 1 1 13 23, 11 2 113 149, 3 13 241 274, 10 11 331 348, 
1 2 23 41, 1 3 41 84, 3 16 84 128, 12 5 151 175, 5 3 190 203, 10 2 203 223, 12 2 263 307, 
