10 3 0 22, 12 14 40 45, 15 13 66 75, 2 5 107 140, 15 15 140 182, 3 8 191 197, 11 7 223 263, 3 15 284 294, 
11 8 0 6, 3 5 56 75, 12 6 196 238, 3 14 273 284, 15 9 284 302, 15 5 333 345, 3 11 382 411, 
12 8 0 18, 12 13 18 40, 5 17 129 150, 5 2 150 184, 3 10 323 362, 3 19 362 382, 
3 1 0 29, 5 1 29 58, 12 10 86 104, 10 1 104 137, 2 3 140 180, 6 1 184 217, 2 12 228 253, 5 7 253 277, 5 9 306 343, 
2 1 81 91, 5 15 91 115, 6 16 115 146, 3 7 152 191, 3 9 210 240, 11 4 263 284, 6 3 295 309, 2 6 309 347, 12 3 347 352, 6 4 352 369, 15 6 369 412, 
6 5 23 56, 2 7 56 81, 12 9 81 86, 11 1 86 116, 6 2 217 236, 15 3 302 319, 11 5 319 348, 
15 12 0 45, 3 3 75 83, 12 11 104 143, 3 4 197 210, 3 18 294 323, 15 4 325 333, 6 14 335 345, 2 13 347 386, 5 18 386 420, 
5 14 0 11, 2 2 101 107, 6 8 146 184, 15 8 229 257, 1 8 257 304, 15 11 319 325, 
15 14 45 66, 6 7 74 91, 2 4 91 101, 10 9 157 176, 15 7 182 229, 12 15 245 284, 6 20 408 432, 
6 6 56 74, 3 17 127 147, 11 6 160 187, 2 8 187 228, 12 12 238 245, 6 18 309 335, 2 14 386 423, 
3 2 29 56, 12 1 143 172, 1 7 172 211, 15 1 257 275, 6 9 280 295, 12 7 393 408, 
10 7 22 54, 10 8 54 98, 1 6 101 126, 1 4 126 169, 10 10 176 221, 6 17 236 280, 12 4 352 393, 6 19 393 408, 3 12 411 427, 
1 5 71 101, 5 16 115 129, 3 6 147 152, 11 3 152 160, 11 9 187 223, 5 8 277 306, 12 18 328 347, 
1 1 0 10, 6 15 10 23, 11 2 116 152, 10 11 221 238, 3 13 240 273, 
1 2 10 28, 1 3 28 71, 3 16 83 127, 10 2 137 157, 12 5 172 196, 5 3 196 209, 12 2 284 328, 
