10 3 0 22, 2 5 86 119, 15 13 131 140, 15 15 140 182, 11 7 182 222, 3 15 228 238, 3 8 238 244, 
3 5 29 48, 11 8 128 134, 3 14 169 180, 2 9 209 219, 12 6 219 261, 15 5 261 273, 15 9 301 319, 3 11 382 411, 
12 8 0 18, 5 2 58 92, 12 13 135 157, 5 17 197 218, 3 10 274 313, 3 19 362 382, 
3 1 0 29, 5 1 29 58, 12 10 70 88, 10 1 98 131, 2 3 131 171, 6 1 258 291, 5 9 291 328, 
2 1 0 10, 6 16 13 44, 3 7 48 87, 5 15 92 116, 2 6 171 209, 3 9 244 274, 11 4 274 295, 6 3 341 355, 12 3 362 367, 6 4 367 384, 15 6 384 427, 
2 7 10 35, 11 1 35 65, 12 9 65 70, 6 5 168 201, 15 3 201 218, 2 11 243 281, 6 2 322 341, 11 5 341 370, 
15 12 0 45, 12 11 88 127, 12 16 194 204, 3 3 207 215, 3 4 215 228, 15 4 228 236, 3 18 333 362, 5 18 362 396, 6 14 399 409, 
5 14 0 11, 2 2 119 125, 15 8 273 301, 6 10 308 322, 15 11 322 328, 1 8 381 428, 
2 4 35 45, 15 14 45 66, 15 7 66 113, 10 9 131 150, 6 20 234 258, 6 7 291 308, 
2 8 45 86, 11 6 101 128, 12 12 128 135, 6 18 142 168, 6 6 216 234, 3 17 313 333, 2 14 333 370, 
12 1 18 47, 15 1 113 131, 3 2 180 207, 5 6 218 246, 1 7 342 381, 6 9 384 399, 12 7 408 423, 
10 7 22 54, 10 8 54 98, 6 17 98 142, 1 6 142 167, 6 19 201 216, 10 10 216 261, 12 17 261 299, 1 4 299 342, 12 4 367 408, 3 12 411 427, 
1 5 84 114, 5 16 116 130, 3 6 164 169, 5 5 189 197, 11 9 222 258, 11 3 258 266, 12 18 343 362, 
6 15 0 13, 1 1 13 23, 11 2 65 101, 3 13 131 164, 5 4 164 189, 2 10 219 243, 10 11 261 278, 
1 2 23 41, 1 3 41 84, 3 16 87 131, 5 3 131 144, 10 2 150 170, 12 5 170 194, 12 2 299 343, 
