10 3 0 22, 2 5 86 119, 15 13 131 140, 15 15 140 182, 11 7 182 222, 3 15 228 238, 3 8 238 244, 
3 5 29 48, 11 8 48 54, 3 14 169 180, 2 9 203 213, 12 6 213 255, 15 5 255 267, 15 9 306 324, 3 11 382 411, 
12 8 0 18, 5 2 58 92, 12 13 131 153, 5 17 197 218, 3 10 274 313, 3 19 362 382, 
3 1 0 29, 5 1 29 58, 12 10 58 76, 2 3 125 165, 10 1 165 198, 6 1 214 247, 5 9 247 284, 
2 1 0 10, 6 16 13 44, 3 7 48 87, 5 15 92 116, 2 6 165 203, 3 9 244 274, 11 4 274 295, 6 3 297 311, 6 4 311 328, 12 3 356 361, 15 6 361 404, 
2 7 10 35, 12 9 47 52, 11 1 90 120, 6 5 124 157, 15 3 182 199, 6 2 278 297, 11 5 297 326, 2 11 326 364, 
15 12 0 45, 12 11 76 115, 12 16 177 187, 15 4 199 207, 3 3 207 215, 3 4 215 228, 5 18 284 318, 3 18 333 362, 6 14 362 372, 
5 14 0 11, 2 2 119 125, 6 10 264 278, 15 8 278 306, 15 11 324 330, 1 8 330 377, 
2 4 35 45, 15 14 45 66, 15 7 66 113, 6 20 190 214, 10 9 214 233, 6 7 247 264, 
11 6 0 27, 2 8 45 86, 6 18 98 124, 12 12 124 131, 6 6 172 190, 3 17 313 333, 2 14 364 401, 
12 1 18 47, 15 1 113 131, 3 2 180 207, 5 6 218 246, 1 7 246 285, 6 9 328 343, 12 7 402 417, 
10 7 22 54, 6 17 54 98, 10 8 98 142, 6 19 157 172, 1 6 172 197, 1 4 197 240, 12 17 255 293, 10 10 293 338, 12 4 361 402, 3 12 411 427, 
11 9 54 90, 5 16 116 130, 1 5 130 160, 3 6 164 169, 5 5 189 197, 11 3 258 266, 12 18 337 356, 
6 15 0 13, 1 1 13 23, 3 13 131 164, 5 4 164 189, 11 2 222 258, 2 10 258 282, 10 11 338 355, 
1 2 23 41, 1 3 41 84, 3 16 87 131, 5 3 131 144, 12 5 153 177, 10 2 233 253, 12 2 293 337, 
