10 3 0 22, 2 5 86 119, 15 13 131 140, 15 15 140 182, 11 7 182 222, 3 15 234 244, 3 8 244 250, 
3 5 29 48, 11 8 128 134, 3 14 175 186, 2 9 209 219, 12 6 219 261, 15 5 261 273, 15 9 301 319, 3 11 388 417, 
12 8 0 18, 5 2 58 92, 12 13 135 157, 5 17 203 224, 3 10 280 319, 3 19 368 388, 
3 1 0 29, 5 1 29 58, 12 10 70 88, 10 1 98 131, 2 3 131 171, 6 1 258 291, 5 9 291 328, 
2 1 0 10, 6 16 23 54, 3 7 54 93, 5 15 93 117, 2 6 171 209, 3 9 250 280, 11 4 280 301, 6 3 341 355, 12 3 362 367, 6 4 367 384, 15 6 384 427, 
2 7 10 35, 11 1 35 65, 12 9 65 70, 6 5 168 201, 15 3 201 218, 2 11 243 281, 6 2 322 341, 11 5 341 370, 
15 12 0 45, 12 11 88 127, 12 16 194 204, 3 3 213 221, 3 4 221 234, 15 4 234 242, 3 18 339 368, 5 18 368 402, 6 14 402 412, 
5 14 0 11, 2 2 119 125, 15 8 273 301, 6 10 308 322, 15 11 322 328, 1 8 381 428, 
2 4 35 45, 15 14 45 66, 15 7 66 113, 10 9 131 150, 6 20 234 258, 6 7 291 308, 
2 8 45 86, 11 6 101 128, 12 12 128 135, 6 18 142 168, 6 6 216 234, 2 14 281 318, 3 17 319 339, 
12 1 18 47, 15 1 113 131, 3 2 186 213, 5 6 224 252, 1 7 342 381, 6 9 384 399, 12 7 408 423, 
10 7 22 54, 10 8 54 98, 6 17 98 142, 1 6 142 167, 6 19 201 216, 10 10 216 261, 12 17 261 299, 1 4 299 342, 12 4 367 408, 3 12 417 433, 
1 5 71 101, 5 16 117 131, 3 6 170 175, 5 5 195 203, 11 9 222 258, 11 3 258 266, 12 18 343 362, 
1 1 0 10, 6 15 10 23, 11 2 65 101, 3 13 137 170, 5 4 170 195, 2 10 219 243, 10 11 261 278, 
1 2 10 28, 1 3 28 71, 3 16 93 137, 5 3 137 150, 10 2 150 170, 12 5 170 194, 12 2 299 343, 
