10 3 0 22, 2 5 86 119, 15 13 131 140, 15 15 140 182, 11 7 182 222, 3 15 234 244, 3 8 244 250, 
3 5 29 48, 11 8 128 134, 3 14 175 186, 2 9 203 213, 12 6 213 255, 15 5 255 267, 15 9 295 313, 3 11 388 417, 
12 8 0 18, 5 2 58 92, 12 13 135 157, 5 17 203 224, 3 10 280 319, 3 19 368 388, 
3 1 0 29, 5 1 29 58, 12 10 70 88, 2 3 125 165, 10 1 165 198, 6 1 258 291, 5 9 291 328, 
2 1 0 10, 6 16 23 54, 3 7 54 93, 5 15 93 117, 2 6 165 203, 3 9 250 280, 11 4 280 301, 6 3 341 355, 6 4 355 372, 12 3 383 388, 15 6 388 431, 
2 7 10 35, 11 1 35 65, 12 9 65 70, 6 5 168 201, 15 3 201 218, 2 11 237 275, 6 2 322 341, 11 5 341 370, 
15 12 0 45, 12 11 88 127, 12 16 181 191, 3 3 213 221, 3 4 221 234, 15 4 234 242, 3 18 339 368, 5 18 368 402, 6 14 417 427, 
5 14 0 11, 2 2 119 125, 15 8 267 295, 6 10 308 322, 15 11 322 328, 1 8 402 449, 
2 4 35 45, 15 14 45 66, 15 7 66 113, 10 9 198 217, 6 20 234 258, 6 7 291 308, 
2 8 45 86, 11 6 101 128, 12 12 128 135, 6 18 142 168, 6 6 216 234, 2 14 275 312, 3 17 319 339, 
12 1 18 47, 15 1 113 131, 3 2 186 213, 5 6 224 252, 1 7 363 402, 6 9 402 417, 12 7 429 444, 
10 7 22 54, 10 8 54 98, 6 17 98 142, 1 6 142 167, 6 19 201 216, 10 10 237 282, 12 17 282 320, 1 4 320 363, 12 4 388 429, 3 12 429 445, 
1 5 71 101, 5 16 117 131, 3 6 170 175, 5 5 195 203, 11 9 222 258, 11 3 258 266, 12 18 364 383, 
1 1 0 10, 6 15 10 23, 11 2 65 101, 3 13 137 170, 5 4 170 195, 2 10 213 237, 10 11 282 299, 
1 2 10 28, 1 3 28 71, 3 16 93 137, 5 3 137 150, 12 5 157 181, 10 2 217 237, 12 2 320 364, 
