10 3 0 22, 12 14 40 45, 2 5 51 84, 15 13 175 184, 3 8 191 197, 15 15 205 247, 11 7 251 291, 3 15 291 301, 
11 8 0 6, 3 5 56 75, 12 6 175 217, 15 5 247 259, 3 14 273 284, 15 9 287 305, 3 11 389 418, 
12 8 0 18, 12 13 18 40, 5 17 135 156, 5 2 156 190, 3 10 330 369, 3 19 369 389, 
3 1 0 29, 12 10 50 68, 5 1 68 97, 2 3 97 137, 10 1 137 170, 6 1 190 223, 2 12 223 248, 5 7 248 272, 5 9 301 338, 
2 1 25 35, 5 15 97 121, 6 16 121 152, 3 7 152 191, 3 9 210 240, 2 6 248 286, 6 3 301 315, 11 4 315 336, 12 3 336 341, 6 4 351 368, 15 6 368 411, 
2 7 0 25, 15 3 25 42, 12 9 45 50, 6 5 50 83, 11 1 83 113, 6 2 223 242, 11 5 336 365, 
3 3 75 83, 12 11 83 122, 15 4 122 130, 15 12 130 175, 3 4 197 210, 3 18 301 330, 6 14 341 351, 2 13 351 390, 5 18 390 424, 
5 14 0 11, 2 2 45 51, 6 8 152 190, 1 8 208 255, 15 8 259 287, 15 11 305 311, 
2 4 35 45, 15 7 45 92, 6 7 101 118, 15 14 184 205, 12 15 224 263, 10 9 263 282, 6 20 397 421, 
6 6 83 101, 3 17 127 147, 2 8 147 188, 11 6 188 215, 12 12 217 224, 6 18 315 341, 2 14 390 427, 
15 1 0 18, 3 2 29 56, 12 1 122 151, 1 7 169 208, 6 9 286 301, 12 7 382 397, 
10 7 22 54, 10 8 54 98, 1 6 101 126, 1 4 126 169, 6 17 242 286, 10 10 286 331, 12 4 341 382, 6 19 382 397, 3 12 418 434, 
1 5 71 101, 5 16 121 135, 3 6 147 152, 11 3 152 160, 11 9 215 251, 5 8 272 301, 12 18 307 326, 
1 1 0 10, 6 15 10 23, 11 2 113 149, 3 13 240 273, 10 11 331 348, 
1 2 10 28, 1 3 28 71, 3 16 83 127, 12 5 151 175, 5 3 190 203, 10 2 203 223, 12 2 263 307, 
