11 1 151 189, 2 6 250 292, 
8 17 0 39, 11 8 39 45, 11 6 45 73, 5 14 138 152, 17 17 193 235, 14 8 235 244, 
17 21 18 33, 14 1 33 79, 11 3 225 236, 8 7 246 281, 
8 1 39 89, 2 12 138 163, 14 5 165 174, 17 3 174 185, 2 3 210 250, 17 12 291 312, 
5 10 31 66, 8 18 89 107, 14 7 174 204, 8 11 321 337, 
2 7 13 38, 17 13 50 83, 14 4 83 108, 8 8 281 297, 11 5 297 326, 
2 13 163 202, 5 17 260 290, 
17 15 129 136, 8 2 155 178, 17 16 185 193, 
2 2 202 210, 8 9 297 321, 
17 18 0 18, 17 1 83 129, 17 2 136 149, 14 12 204 235, 2 14 292 329, 14 13 329 336, 
5 1 0 31, 17 22 33 50, 2 5 51 94, 5 11 94 138, 17 7 272 291, 
2 4 38 51, 8 20 107 155, 14 9 155 165, 8 3 178 213, 5 12 213 242, 17 4 242 255, 17 5 255 272, 
11 9 115 151, 5 15 152 178, 5 16 178 192, 8 6 213 246, 11 4 246 273, 
2 1 0 13, 11 7 73 115, 11 2 189 225, 5 13 242 260, 5 18 290 325, 
2 8 94 138, 14 10 244 269, 14 11 269 316, 
