17 19 15 21, 11 7 27 67, 2 5 241 274, 8 11 310 325, 
17 18 0 15, 2 9 132 142, 17 17 145 187, 11 8 210 216, 8 5 217 235, 
14 4 43 61, 17 14 103 115, 5 17 117 138, 5 2 138 172, 8 20 172 217, 8 7 235 270, 14 8 270 278, 
8 1 0 50, 5 1 50 79, 2 3 92 132, 14 5 132 141, 8 4 145 156, 5 7 185 209, 17 3 209 220, 14 11 220 262, 5 9 262 299, 
2 1 25 35, 5 15 79 103, 11 4 216 237, 2 6 274 312, 
2 7 0 25, 17 13 65 98, 11 1 98 128, 2 11 166 204, 8 8 270 286, 11 5 286 315, 
17 5 233 244, 5 18 299 333, 
5 14 0 11, 2 2 76 82, 17 12 263 280, 
14 1 0 43, 2 4 82 92, 17 20 98 103, 14 7 141 170, 8 9 286 310, 
11 6 0 27, 2 8 35 76, 8 17 76 110, 17 2 132 145, 2 14 204 241, 14 13 307 314, 
17 1 21 65, 17 22 115 132, 8 19 156 172, 17 7 244 263, 
14 9 61 71, 8 3 110 145, 17 4 220 233, 
5 16 103 117, 11 3 202 210, 5 8 210 239, 11 9 239 275, 
2 10 142 166, 11 2 166 202, 14 12 278 307, 
8 2 50 71, 14 10 71 96, 5 3 172 185, 
