11 7 143 183, 11 1 183 221, 
17 18 0 15, 11 6 15 43, 11 8 43 49, 2 9 87 97, 17 17 215 257, 14 8 300 309, 
17 21 15 30, 14 1 30 76, 5 18 272 311, 
8 1 97 147, 2 3 147 187, 14 5 187 196, 17 3 196 207, 5 17 244 272, 11 5 286 317, 
5 15 13 37, 5 1 37 73, 11 4 265 286, 2 6 309 347, 
17 13 30 63, 17 22 63 82, 14 4 82 107, 
8 18 34 49, 2 4 127 147, 5 12 187 219, 2 5 229 269, 17 5 279 290, 
2 2 97 103, 17 15 139 146, 5 16 168 187, 17 16 207 215, 17 12 309 326, 
5 10 73 104, 11 9 104 143, 14 10 143 171, 14 7 196 225, 
8 17 0 34, 17 2 126 139, 8 12 147 196, 8 13 196 240, 8 15 240 276, 14 12 309 340, 14 13 340 347, 
17 1 82 126, 2 11 187 229, 17 7 290 309, 
5 14 0 13, 8 20 49 97, 2 14 269 309, 
5 13 219 244, 11 3 257 265, 17 4 265 279, 8 14 279 311, 
2 1 0 13, 2 10 103 127, 5 11 127 168, 11 2 221 257, 14 11 257 300, 8 16 311 339, 
2 7 13 43, 2 8 43 87, 14 9 107 126, 
