11 7 27 67, 14 2 96 106, 17 19 117 123, 2 5 241 274, 17 11 297 321, 8 11 326 341, 
17 18 58 73, 2 9 132 142, 11 8 142 148, 17 17 165 207, 8 5 233 251, 17 9 251 280, 
17 14 140 152, 8 20 188 233, 8 7 251 286, 5 17 286 307, 14 8 307 315, 
8 1 0 50, 5 1 59 88, 2 3 92 132, 5 10 132 161, 8 4 161 172, 14 11 172 214, 14 3 250 258, 14 5 258 267, 14 6 267 294, 
2 1 25 35, 5 15 35 59, 11 4 148 169, 2 6 274 312, 
2 7 0 25, 17 13 25 58, 11 1 67 97, 2 11 166 204, 5 12 221 247, 11 5 247 276, 8 8 286 302, 
5 18 307 341, 
5 14 0 11, 2 2 76 82, 17 12 321 338, 
14 1 0 43, 2 4 82 92, 17 8 123 140, 17 20 207 212, 8 9 302 326, 
11 6 0 27, 2 8 35 76, 8 17 76 110, 2 14 204 241, 14 13 243 250, 
17 1 73 117, 8 19 172 188, 17 22 280 297, 
14 9 43 53, 8 3 110 145, 
11 3 133 141, 11 9 169 205, 5 16 207 221, 
11 2 97 133, 2 10 142 166, 5 11 166 207, 14 12 214 243, 5 13 247 265, 
8 2 50 71, 14 10 71 96, 17 10 152 165, 
