2 5 20 53, 17 16 53 58, 17 19 117 123, 11 7 145 185, 8 11 303 318, 
17 18 58 73, 11 8 73 79, 17 17 138 180, 8 5 211 229, 
14 4 63 81, 8 20 99 144, 14 8 190 198, 5 17 208 229, 8 7 229 264, 
5 1 0 29, 8 1 34 84, 5 10 84 113, 14 5 113 122, 2 12 125 150, 2 3 150 190, 8 4 200 211, 14 11 223 265, 
2 1 0 10, 5 15 40 64, 2 6 190 228, 11 4 252 273, 8 10 280 303, 
17 13 0 33, 2 7 53 78, 11 1 79 109, 5 12 154 180, 8 8 264 280, 11 5 280 309, 
8 18 84 99, 2 13 228 267, 5 18 267 301, 
5 14 29 40, 17 15 40 47, 2 2 78 84, 17 12 245 262, 
2 4 10 20, 14 1 20 63, 14 7 122 151, 17 20 262 267, 
8 17 0 34, 11 6 34 61, 2 8 84 125, 17 2 125 138, 14 13 265 272, 2 14 272 309, 
17 1 73 117, 17 7 226 245, 17 22 267 284, 
14 9 151 161, 8 3 165 200, 
5 16 64 78, 11 9 109 145, 17 6 180 226, 11 3 244 252, 
5 11 113 154, 14 12 161 190, 5 13 190 208, 11 2 208 244, 
8 2 144 165, 14 10 198 223, 
