2 5 51 84, 17 19 92 98, 14 2 107 117, 11 7 160 200, 17 16 200 205, 17 11 276 300, 8 11 304 319, 
17 18 0 15, 11 8 55 61, 8 5 167 185, 17 17 205 247, 17 9 247 276, 
5 2 103 137, 5 17 164 185, 8 20 185 230, 8 7 230 265, 14 8 265 273, 
8 1 0 50, 5 1 50 79, 2 3 84 124, 14 3 124 132, 8 4 156 167, 14 11 167 209, 14 5 209 218, 2 12 218 243, 5 9 246 283, 
2 1 25 35, 5 15 79 103, 2 6 124 162, 11 4 208 229, 8 10 281 304, 
2 7 0 25, 11 1 25 55, 17 13 59 92, 11 5 229 258, 8 8 265 281, 
2 13 243 282, 5 18 283 317, 
5 14 0 11, 2 2 45 51, 17 15 98 105, 17 12 300 317, 
2 4 35 45, 14 1 64 107, 17 20 107 112, 17 8 129 146, 14 7 218 247, 
8 17 50 84, 11 6 97 124, 2 8 162 203, 14 13 247 254, 2 14 282 319, 
17 1 15 59, 17 22 112 129, 8 19 140 156, 5 6 218 246, 
14 9 0 10, 8 3 105 140, 
11 9 61 97, 5 16 137 151, 11 3 200 208, 5 5 210 218, 
14 12 10 39, 11 2 124 160, 5 4 185 210, 
14 10 39 64, 8 2 84 105, 5 3 151 164, 17 10 164 177, 
