11 7 27 67, 17 19 67 73, 17 16 163 168, 17 11 181 205, 2 5 206 239, 8 11 305 320, 
17 18 0 15, 2 9 78 88, 17 9 134 163, 11 8 163 169, 8 5 212 230, 17 17 230 272, 
14 4 53 71, 8 20 167 212, 8 7 230 265, 5 17 265 286, 14 8 286 294, 
8 1 0 50, 5 1 50 79, 14 5 79 88, 5 10 93 122, 8 4 140 151, 2 3 156 196, 14 11 196 238, 
5 15 11 35, 2 1 68 78, 11 4 169 190, 2 6 239 277, 
2 7 0 25, 17 13 25 58, 11 1 67 97, 2 11 118 156, 5 12 189 215, 11 5 226 255, 8 8 265 281, 
5 18 286 320, 
5 14 0 11, 17 15 58 65, 2 2 112 118, 17 12 205 222, 
14 1 0 43, 17 8 117 134, 14 7 134 163, 2 4 196 206, 17 20 272 277, 8 9 281 305, 
11 6 0 27, 2 8 27 68, 8 17 71 105, 14 13 267 274, 2 14 277 314, 
17 1 73 117, 8 19 151 167, 17 22 277 294, 
14 9 43 53, 8 3 105 140, 
5 16 79 93, 11 3 148 156, 11 9 190 226, 
2 10 88 112, 11 2 112 148, 5 11 148 189, 5 13 215 233, 14 12 238 267, 
8 2 50 71, 14 10 88 113, 17 10 168 181, 
