14 2 61 71, 
17 18 0 15, 11 8 15 21, 8 17 50 89, 11 6 178 206, 17 17 221 263, 
8 12 105 148, 8 20 184 229, 5 17 240 261, 5 18 261 300, 14 8 300 308, 
8 1 0 50, 2 12 87 112, 5 10 112 141, 14 3 141 149, 14 5 149 158, 14 6 158 185, 2 3 221 261, 17 12 263 284, 11 5 284 315, 
14 9 43 61, 5 1 61 97, 11 9 97 137, 17 15 186 194, 2 6 301 339, 
11 1 21 51, 17 19 59 66, 17 13 107 140, 5 13 217 240, 
2 4 112 132, 2 13 139 178, 5 12 185 217, 2 5 261 301, 
5 14 0 11, 5 16 37 56, 11 2 56 96, 11 4 149 178, 17 16 213 221, 
14 1 0 43, 17 20 66 71, 14 12 71 106, 
17 2 71 84, 8 15 148 184, 2 14 184 221, 8 13 229 273, 14 13 291 298, 
17 1 15 59, 8 19 89 105, 5 11 141 185, 17 7 194 213, 
11 3 137 149, 
5 15 11 37, 17 6 140 186, 
2 1 74 87, 17 22 87 107, 11 7 206 248, 14 11 248 291, 8 14 291 322, 8 16 322 350, 
2 7 0 30, 2 8 30 74, 2 2 132 139, 14 10 185 210, 
