2 5 45 78, 17 19 95 101, 14 2 175 185, 11 7 222 262, 17 11 268 292, 8 11 309 324, 
11 8 27 33, 17 18 80 95, 17 17 106 148, 17 9 226 255, 
17 14 68 80, 8 20 100 145, 8 7 234 269, 5 17 269 290, 14 8 290 298, 
8 1 0 50, 14 11 50 92, 5 1 92 121, 2 12 125 150, 5 10 150 179, 14 3 185 193, 2 3 195 235, 14 5 235 244, 14 6 244 271, 
2 1 0 10, 5 15 11 35, 11 4 201 222, 2 6 235 273, 
2 7 10 35, 17 13 35 68, 11 1 68 98, 5 12 220 246, 8 8 269 285, 11 5 285 314, 
2 13 150 189, 5 18 290 324, 
5 14 0 11, 2 2 189 195, 17 12 292 309, 
2 4 35 45, 17 20 101 106, 14 1 132 175, 17 8 209 226, 8 9 285 309, 
11 6 0 27, 8 17 50 84, 2 8 84 125, 14 13 125 132, 2 14 273 310, 
8 19 84 100, 17 1 148 192, 17 22 192 209, 
14 9 0 10, 8 3 166 201, 
5 16 35 49, 11 3 157 165, 11 9 165 201, 8 6 201 234, 
14 12 92 121, 11 2 121 157, 5 11 179 220, 5 13 246 264, 
14 10 10 35, 8 2 145 166, 17 10 255 268, 
