11 1 112 150, 2 6 250 292, 
11 8 0 6, 11 6 6 34, 5 14 138 152, 17 17 182 224, 14 8 245 254, 
17 21 18 33, 14 1 33 79, 11 3 186 197, 
8 1 67 117, 2 12 138 163, 17 3 163 174, 14 5 175 184, 2 3 210 250, 17 12 273 294, 
5 10 31 66, 14 7 184 214, 
2 7 13 38, 17 13 50 83, 14 4 83 108, 11 5 279 308, 
8 18 52 67, 2 13 163 202, 5 17 239 269, 
17 15 129 136, 17 16 174 182, 
2 2 202 210, 
17 18 0 18, 8 17 18 52, 17 1 83 129, 17 2 136 149, 8 12 165 214, 14 12 214 245, 8 13 252 296, 2 14 296 333, 14 13 333 340, 
5 1 0 31, 17 22 33 50, 2 5 51 94, 5 11 94 138, 17 7 254 273, 
2 4 38 51, 8 20 117 165, 14 9 165 175, 5 12 192 221, 17 4 224 237, 17 5 237 254, 
11 9 76 112, 5 15 152 178, 5 16 178 192, 8 15 214 252, 11 4 252 279, 8 14 296 328, 
2 1 0 13, 11 7 34 76, 11 2 150 186, 5 13 221 239, 5 18 269 304, 8 16 328 356, 
2 8 94 138, 14 10 254 279, 14 11 279 326, 
