2 5 45 78, 17 19 78 84, 14 2 199 209, 11 7 209 249, 17 16 260 265, 
17 18 0 15, 11 8 15 21, 17 17 265 307, 
8 12 84 127, 8 20 178 223, 5 17 232 253, 14 8 312 320, 
8 1 0 50, 5 1 50 79, 5 10 79 108, 2 12 125 150, 14 11 157 199, 2 3 199 239, 14 3 261 269, 14 5 276 285, 14 6 285 312, 
2 1 0 10, 5 15 11 35, 11 4 145 166, 2 6 239 277, 
2 7 10 35, 11 1 35 65, 17 13 155 188, 5 12 188 214, 11 5 249 278, 
8 18 127 142, 2 13 150 189, 5 18 253 287, 
5 14 0 11, 2 2 189 195, 17 15 234 241, 17 12 307 324, 
2 4 35 45, 17 20 84 89, 14 1 89 132, 
8 17 50 84, 2 8 84 125, 17 2 125 138, 8 15 142 178, 11 6 178 205, 8 13 223 267, 14 13 269 276, 2 14 277 314, 
17 1 15 59, 17 22 138 155, 17 7 241 260, 
14 9 0 10, 
5 16 35 49, 11 9 101 137, 11 3 137 145, 17 6 188 234, 
11 2 65 101, 5 11 108 149, 5 13 214 232, 14 12 232 261, 8 14 267 298, 8 16 298 326, 
14 10 132 157, 
