2 5 53 86, 14 2 86 96, 17 19 96 102, 11 7 206 246, 17 16 262 267, 
17 18 0 15, 11 8 15 21, 17 17 267 309, 
8 12 100 143, 8 20 179 224, 5 17 234 255, 14 8 319 327, 
8 1 0 50, 5 1 50 79, 5 10 79 108, 2 12 127 152, 14 3 152 160, 14 5 160 169, 14 6 169 196, 2 3 197 237, 14 11 237 279, 
2 1 0 10, 5 15 11 35, 11 4 145 166, 2 6 237 275, 
2 7 10 35, 11 1 35 65, 17 13 157 190, 5 12 190 216, 11 5 246 275, 
2 13 152 191, 5 18 255 289, 
5 14 0 11, 2 2 191 197, 17 15 236 243, 17 12 309 326, 
14 1 0 43, 2 4 43 53, 17 20 102 107, 
8 17 50 84, 2 8 86 127, 17 2 127 140, 8 15 143 179, 11 6 179 206, 8 13 224 268, 2 14 275 312, 14 13 312 319, 
17 1 15 59, 8 19 84 100, 17 22 140 157, 17 7 243 262, 
14 9 43 53, 
5 16 35 49, 11 9 101 137, 11 3 137 145, 17 6 190 236, 
11 2 65 101, 14 12 101 130, 5 11 130 171, 5 13 216 234, 8 14 268 299, 8 16 299 327, 
14 10 196 221, 
