11 7 27 67, 17 16 167 172, 2 5 241 274, 8 11 310 325, 
17 18 0 15, 2 9 132 142, 11 8 142 148, 17 17 172 214, 8 5 217 235, 
17 21 15 30, 14 4 43 61, 5 2 102 136, 5 17 136 157, 8 20 172 217, 8 7 235 270, 14 8 270 278, 
8 1 0 50, 5 1 59 88, 2 3 92 132, 14 5 132 141, 8 4 145 156, 17 3 156 167, 5 7 170 194, 14 11 194 236, 5 9 236 273, 
2 1 25 35, 5 15 35 59, 11 4 148 169, 2 6 274 312, 
2 7 0 25, 17 13 30 63, 11 1 67 97, 2 11 166 204, 8 8 270 286, 11 5 286 315, 
17 5 227 238, 5 18 273 307, 
5 14 0 11, 2 2 76 82, 17 15 137 144, 17 12 257 274, 
14 1 0 43, 2 4 82 92, 14 7 141 170, 8 9 286 310, 
11 6 0 27, 2 8 35 76, 8 17 76 110, 17 2 124 137, 2 14 204 241, 14 13 307 314, 
17 22 63 80, 17 1 80 124, 8 19 156 172, 17 7 238 257, 
14 9 61 71, 8 3 110 145, 17 4 214 227, 
5 16 88 102, 11 3 133 141, 5 8 194 223, 11 9 223 259, 
11 2 97 133, 2 10 142 166, 14 12 278 307, 
8 2 50 71, 14 10 71 96, 5 3 157 170, 
