10 3 0 22, 18 4 52 65, 14 2 185 195, 2 5 196 229, 7 12 260 287, 
7 19 12 43, 7 11 213 260, 
18 7 0 44, 18 1 44 52, 7 7 52 74, 14 8 239 247, 
6 1 0 33, 10 1 33 66, 2 12 76 101, 2 3 117 157, 14 3 195 203, 14 5 203 212, 14 6 212 239, 14 11 247 289, 18 16 289 307, 
2 1 0 10, 6 16 46 77, 18 6 92 138, 18 12 138 169, 7 8 175 184, 6 3 208 222, 6 4 222 239, 2 6 281 319, 
2 7 10 35, 6 5 77 110, 6 2 110 129, 7 20 129 147, 7 9 184 208, 
7 1 0 12, 2 13 157 196, 6 14 268 278, 
2 2 101 107, 6 10 239 253, 
18 5 75 92, 2 4 107 117, 14 1 117 160, 6 7 191 208, 10 9 208 227, 18 13 244 270, 7 13 287 305, 6 20 322 346, 
2 8 35 76, 6 6 129 147, 7 21 147 175, 18 11 196 244, 2 14 244 281, 6 18 281 307, 18 17 307 339, 14 13 339 346, 
18 10 169 196, 6 9 253 268, 
14 9 0 10, 10 7 66 98, 10 8 98 142, 6 17 147 191, 7 10 208 213, 10 10 227 272, 6 19 307 322, 
18 8 65 75, 7 18 305 331, 
6 15 33 46, 14 12 46 75, 10 11 272 289, 
14 10 160 185, 10 2 185 205, 
