10 3 0 22, 2 5 76 109, 14 2 109 119, 18 4 130 143, 7 12 257 284, 
7 19 12 43, 7 11 210 257, 
18 1 31 39, 18 7 39 83, 7 7 83 105, 14 8 282 290, 
6 1 64 97, 10 1 97 130, 14 3 130 138, 2 3 156 196, 2 12 196 221, 14 5 221 230, 18 16 230 248, 14 6 255 282, 14 11 290 332, 
18 12 0 31, 2 1 31 41, 6 16 97 128, 7 8 128 137, 6 3 147 161, 10 6 165 175, 6 4 205 222, 2 6 260 298, 18 6 298 344, 
6 5 0 33, 2 7 51 76, 6 2 128 147, 7 20 147 165, 7 9 165 189, 
7 1 0 12, 10 5 130 165, 2 13 221 260, 6 14 333 343, 
2 2 109 115, 6 8 280 318, 
2 4 41 51, 14 1 51 94, 18 13 94 120, 10 9 175 194, 6 7 222 239, 18 5 248 265, 7 13 284 302, 6 20 343 367, 
6 6 46 64, 2 8 115 156, 18 11 170 218, 6 18 239 265, 18 17 265 297, 7 21 302 330, 14 13 332 339, 2 14 339 376, 
18 10 143 170, 6 9 318 333, 
14 9 138 148, 6 17 161 205, 7 10 205 210, 10 10 210 255, 6 19 265 280, 
10 4 22 42, 18 8 120 130, 7 18 330 356, 
6 15 33 46, 14 12 148 177, 10 11 275 292, 
14 10 230 255, 10 2 255 275, 
