10 3 0 22, 2 5 166 199, 18 15 199 215, 18 4 215 228, 
7 19 12 43, 2 9 76 86, 18 14 86 97, 7 11 197 244, 
18 7 0 44, 14 4 44 62, 18 1 75 83, 7 7 83 105, 14 8 205 213, 
6 1 0 33, 14 5 62 71, 2 3 92 132, 14 6 132 159, 10 1 166 199, 14 11 238 280, 18 16 291 309, 
2 1 0 10, 18 12 44 75, 7 8 144 153, 6 16 168 199, 6 3 199 213, 6 4 213 230, 18 6 245 291, 2 6 291 329, 
2 7 10 35, 7 20 43 61, 6 2 116 135, 6 5 135 168, 7 9 168 192, 2 11 199 237, 
7 1 0 12, 7 17 275 295, 6 14 333 343, 
2 2 86 92, 7 15 264 275, 6 10 304 318, 
14 1 0 43, 2 4 132 142, 10 9 199 218, 18 5 228 245, 6 20 263 287, 6 7 287 304, 
2 8 35 76, 6 18 90 116, 7 21 116 144, 18 11 144 192, 6 6 230 248, 2 14 248 285, 14 13 285 292, 18 17 309 341, 
18 10 110 137, 7 14 244 264, 6 9 318 333, 
6 17 46 90, 10 7 90 122, 10 8 122 166, 14 9 166 176, 7 10 192 197, 6 19 248 263, 10 10 263 308, 
7 18 295 321, 
6 15 33 46, 2 10 142 166, 14 12 176 205, 10 11 308 325, 
18 9 97 110, 14 10 213 238, 10 2 325 345, 
