10 3 0 22, 18 4 52 65, 14 2 185 195, 2 5 213 246, 7 12 246 273, 
7 19 12 43, 7 11 193 240, 
18 7 0 44, 18 1 44 52, 7 7 52 74, 14 8 239 247, 
10 1 22 55, 2 12 76 101, 6 1 101 134, 2 3 134 174, 14 3 195 203, 14 5 203 212, 14 6 212 239, 14 11 247 289, 18 16 289 307, 
2 1 0 10, 6 16 13 44, 7 8 74 83, 18 6 92 138, 18 12 138 169, 6 3 255 269, 6 4 269 286, 2 6 286 324, 
2 7 10 35, 7 20 83 101, 7 9 101 125, 6 5 179 212, 6 2 236 255, 
7 1 0 12, 2 13 174 213, 6 14 350 360, 
2 2 101 107, 6 10 321 335, 
18 5 75 92, 2 4 107 117, 14 1 117 160, 6 20 212 236, 10 9 236 255, 18 13 255 281, 7 13 281 299, 6 7 304 321, 
2 8 35 76, 6 18 134 160, 7 21 160 188, 18 11 196 244, 2 14 246 283, 6 6 286 304, 18 17 307 339, 14 13 339 346, 
18 10 169 196, 6 9 335 350, 
14 9 0 10, 6 17 44 88, 10 7 88 120, 10 8 120 164, 6 19 164 179, 7 10 188 193, 10 10 255 300, 
18 8 65 75, 7 18 299 325, 
6 15 0 13, 14 12 13 42, 10 11 300 317, 
14 10 160 185, 10 2 185 205, 
