10 3 0 22, 2 5 58 91, 14 2 91 101, 18 4 129 142, 7 12 257 284, 
7 19 50 81, 7 11 210 257, 
7 7 12 34, 18 1 41 49, 18 7 49 93, 14 8 316 324, 
6 1 64 97, 10 1 97 130, 2 3 138 178, 2 12 178 203, 14 11 203 245, 18 16 245 263, 14 3 272 280, 14 5 280 289, 14 6 289 316, 
2 1 0 10, 18 12 10 41, 7 8 41 50, 6 16 97 128, 6 3 147 161, 10 6 165 175, 6 4 205 222, 2 6 242 280, 18 6 312 358, 
6 5 0 33, 2 7 33 58, 7 20 81 99, 6 2 128 147, 7 9 166 190, 
7 1 0 12, 10 5 130 165, 2 13 203 242, 6 14 333 343, 
2 2 91 97, 6 8 280 318, 
2 4 10 20, 14 1 20 63, 18 13 93 119, 10 9 175 194, 6 7 222 239, 18 5 263 280, 7 13 284 302, 6 20 343 367, 
6 6 46 64, 2 8 97 138, 7 21 138 166, 18 11 169 217, 6 18 239 265, 14 13 265 272, 18 17 280 312, 2 14 312 349, 
18 10 142 169, 6 9 318 333, 
14 9 0 10, 6 17 161 205, 7 10 205 210, 10 10 210 255, 6 19 265 280, 
10 4 22 42, 18 8 119 129, 7 18 302 328, 
6 15 33 46, 14 12 101 130, 10 11 275 292, 
14 10 63 88, 10 2 255 275, 
