7 19 77 112, 6 17 170 217, 7 12 269 296, 
6 6 46 70, 14 2 70 87, 6 2 134 156, 18 14 156 167, 18 3 247 268, 14 8 268 277, 
14 1 0 46, 7 7 46 68, 18 1 106 114, 10 1 221 261, 18 17 351 387, 
6 1 70 103, 14 11 154 196, 14 5 196 205, 2 3 265 305, 
14 9 46 64, 7 8 68 77, 6 16 103 134, 7 20 134 156, 6 3 156 170, 6 4 217 234, 14 7 234 264, 18 6 268 314, 2 6 314 352, 
6 5 0 33, 10 9 107 128, 7 9 189 213, 7 10 213 221, 10 2 261 288, 
7 1 0 12, 18 7 12 60, 2 13 97 136, 7 21 156 189, 2 4 192 212, 
10 7 24 63, 2 12 71 97, 18 2 114 127, 14 3 144 154, 2 1 176 192, 6 8 299 337, 
14 10 87 115, 7 11 221 269, 
2 8 30 71, 6 18 258 284, 14 13 284 291, 6 14 352 366, 
2 5 212 255, 6 9 337 352, 6 20 366 391, 
10 8 63 107, 2 14 136 176, 10 10 176 221, 6 19 284 299, 
10 3 0 24, 18 8 96 106, 18 11 197 247, 7 18 352 378, 
6 15 33 46, 14 12 115 144, 10 11 288 305, 18 15 314 332, 7 13 332 352, 
2 7 0 30, 18 12 60 96, 18 10 167 197, 6 7 234 258, 2 2 258 265, 18 16 332 351, 
