7 19 70 105, 6 17 170 217, 7 12 269 296, 
6 6 46 70, 6 2 134 156, 14 8 264 273, 
18 1 31 39, 7 7 39 61, 18 13 88 118, 14 4 199 217, 10 1 221 261, 
6 1 70 103, 18 16 134 152, 14 5 217 226, 2 3 265 305, 
18 12 0 31, 14 9 31 49, 7 8 61 70, 6 16 103 134, 7 20 134 156, 6 3 156 170, 6 4 217 234, 14 7 234 264, 2 6 305 343, 18 6 360 406, 
6 5 0 33, 10 9 107 128, 7 9 189 213, 7 10 213 221, 10 2 261 288, 
7 1 0 12, 2 13 97 136, 7 21 156 189, 2 4 192 212, 
10 7 24 63, 2 12 71 97, 18 9 118 134, 2 1 176 192, 6 8 299 337, 
14 12 74 109, 14 1 109 152, 7 11 221 269, 18 5 343 360, 
2 8 30 71, 18 4 152 170, 6 18 258 284, 14 13 284 291, 18 11 295 343, 6 14 352 366, 
2 5 212 255, 6 9 337 352, 6 20 366 391, 
10 8 63 107, 2 14 136 176, 10 10 176 221, 6 19 284 299, 
10 3 0 24, 18 7 39 88, 7 18 325 351, 
6 15 33 46, 18 17 170 205, 10 11 288 305, 7 13 305 325, 
2 7 0 30, 14 10 49 74, 14 11 152 199, 6 7 234 258, 2 2 258 265, 18 10 265 295, 
