10 3 66 88, 2 5 116 149, 18 4 197 210, 
7 19 12 43, 7 11 160 207, 
18 7 41 85, 7 7 100 122, 14 4 122 140, 18 1 140 148, 14 8 201 209, 
6 1 0 33, 10 1 33 66, 2 3 66 106, 14 5 140 149, 14 6 149 176, 14 11 209 251, 2 12 251 276, 18 16 276 294, 
2 1 0 10, 18 12 10 41, 6 3 54 68, 6 4 68 85, 7 8 122 131, 2 6 149 187, 10 6 187 197, 6 16 248 279, 18 6 294 340, 
2 7 10 35, 6 2 35 54, 7 20 54 72, 6 5 85 118, 7 9 131 155, 
7 1 0 12, 10 5 128 163, 7 17 237 257, 2 13 276 315, 6 14 320 330, 
2 2 35 41, 6 8 210 248, 
14 1 0 43, 2 4 106 116, 6 7 149 166, 10 9 197 216, 18 13 216 242, 18 5 242 259, 6 20 345 369, 
7 21 72 100, 6 6 131 149, 18 11 149 197, 2 8 197 238, 14 13 251 258, 6 18 279 305, 2 14 315 352, 18 17 352 384, 
18 10 95 122, 7 14 207 227, 6 9 305 320, 
14 9 43 53, 7 10 155 160, 6 17 166 210, 10 10 216 261, 6 19 330 345, 
18 8 85 95, 10 4 108 128, 7 18 257 283, 
14 12 53 82, 6 15 118 131, 7 16 227 237, 10 11 261 278, 
10 2 88 108, 14 10 176 201, 
