10 3 0 22, 18 4 52 65, 14 2 245 255, 2 5 255 288, 7 12 288 315, 
7 19 12 43, 7 11 224 271, 
18 7 0 44, 18 1 44 52, 7 7 52 74, 14 8 306 314, 
10 1 22 55, 2 12 76 101, 6 1 101 134, 2 3 134 174, 14 11 174 216, 14 3 255 263, 14 5 270 279, 14 6 279 306, 18 16 306 324, 
2 1 0 10, 6 16 13 44, 7 8 74 83, 18 6 92 138, 18 12 138 169, 6 3 251 265, 6 4 265 282, 2 6 337 375, 
2 7 10 35, 7 20 83 101, 7 9 101 125, 6 5 175 208, 6 2 232 251, 
7 1 0 12, 2 13 174 213, 6 14 346 356, 
2 2 101 107, 6 10 317 331, 
14 1 0 43, 18 5 75 92, 2 4 107 117, 6 20 208 232, 10 9 232 251, 18 13 251 277, 6 7 300 317, 7 13 317 335, 
2 8 35 76, 6 18 134 160, 7 21 160 188, 18 11 196 244, 14 13 263 270, 6 6 282 300, 2 14 300 337, 18 17 337 369, 
18 10 169 196, 6 9 331 346, 
14 9 43 53, 6 17 53 97, 10 7 97 129, 6 19 160 175, 10 8 175 219, 7 10 219 224, 10 10 251 296, 
18 8 65 75, 7 18 335 361, 
6 15 0 13, 14 12 216 245, 10 11 296 313, 
14 10 53 78, 10 2 129 149, 
