10 3 0 22, 2 5 26 59, 15 13 148 157, 12 14 187 192, 18 15 192 208, 17 16 305 310, 18 4 320 333, 7 12 353 380, 15 15 380 422, 8 11 422 437, 
4 1 0 18, 7 19 18 49, 18 14 143 154, 7 5 205 215, 17 18 215 230, 12 6 236 278, 2 9 284 294, 15 5 294 306, 7 11 306 353, 17 17 353 395, 
12 8 0 18, 4 5 18 47, 12 13 47 69, 18 7 69 113, 14 4 113 131, 8 20 166 211, 17 21 230 245, 4 9 258 263, 18 1 294 302, 14 8 313 321, 8 7 321 356, 
6 1 0 33, 8 1 34 84, 2 3 84 124, 4 6 124 157, 10 1 157 190, 14 5 190 199, 7 6 215 261, 14 6 261 288, 18 16 302 320, 12 10 351 369, 14 11 369 411, 
2 1 0 10, 18 12 10 41, 7 2 49 55, 6 3 120 134, 6 16 161 192, 12 3 192 197, 6 4 217 234, 2 6 246 284, 15 6 306 349, 18 6 350 396, 
17 13 0 33, 6 5 33 66, 12 9 69 74, 4 13 74 95, 6 2 101 120, 2 7 124 149, 7 20 149 167, 4 8 177 222, 15 3 232 249, 2 11 318 356, 8 8 356 372, 
7 1 0 12, 15 12 18 63, 7 4 63 90, 8 18 151 166, 6 14 207 217, 15 4 249 257, 4 16 263 286, 4 11 319 355, 12 11 384 423, 
2 2 20 26, 6 10 147 161, 15 11 226 232, 17 15 262 269, 17 12 288 305, 1 8 327 374, 
2 4 10 20, 14 1 20 63, 6 7 84 101, 15 7 101 148, 12 15 197 236, 10 9 254 273, 4 10 286 319, 18 5 333 350, 15 14 350 371, 8 9 372 396, 7 13 396 414, 6 20 414 438, 
8 17 0 34, 6 6 66 84, 17 2 84 97, 4 7 157 177, 7 21 177 205, 2 8 205 246, 18 11 246 294, 6 18 310 336, 2 14 356 393, 18 17 396 428, 12 12 428 435, 14 13 435 442, 
15 1 0 18, 17 1 33 77, 12 1 77 106, 18 10 154 181, 6 9 192 207, 17 22 245 262, 17 7 269 288, 1 7 288 327, 12 7 369 384, 
10 7 22 54, 14 9 63 73, 1 4 73 116, 8 3 116 151, 1 6 151 176, 10 8 190 234, 4 15 234 258, 7 10 261 266, 6 17 266 310, 12 4 310 351, 10 10 351 396, 6 19 396 411, 
1 5 116 146, 17 6 146 192, 8 6 211 244, 12 18 278 297, 7 18 414 440, 
1 1 0 10, 6 15 134 147, 14 12 147 176, 15 10 176 226, 2 10 294 318, 10 11 396 413, 
1 2 10 28, 1 3 28 71, 8 2 84 105, 12 5 106 130, 18 9 130 143, 12 2 143 187, 10 2 234 254, 14 10 288 313, 4 12 355 384, 
