10 3 0 22, 2 5 90 123, 14 2 123 133, 15 13 133 142, 15 15 231 273, 18 15 279 295, 17 19 295 301, 7 12 326 353, 8 11 379 394, 
4 1 0 18, 18 3 20 41, 7 19 41 72, 17 18 72 87, 12 6 210 252, 2 9 258 268, 18 14 268 279, 7 11 279 326, 15 5 326 338, 17 17 338 380, 
18 1 0 8, 12 13 8 30, 18 7 41 85, 12 8 107 125, 17 14 128 140, 8 20 140 185, 4 9 244 249, 8 7 304 339, 14 8 356 364, 
8 1 0 50, 2 3 50 90, 6 1 102 135, 10 1 135 168, 14 3 168 176, 12 10 192 210, 7 6 215 261, 14 5 261 270, 14 11 270 312, 18 16 349 367, 
2 1 0 10, 18 6 85 131, 7 2 131 137, 4 4 171 179, 2 6 179 217, 10 6 217 227, 18 12 227 258, 6 16 294 325, 12 3 345 350, 6 3 350 364, 6 4 364 381, 15 6 381 424, 
18 2 8 20, 6 5 23 56, 4 13 56 77, 7 20 77 95, 17 13 95 128, 2 7 128 153, 12 9 187 192, 4 8 199 244, 6 2 249 268, 15 3 273 290, 2 11 292 330, 8 8 339 355, 
7 1 0 12, 12 16 30 40, 10 5 42 77, 15 12 77 122, 4 16 148 171, 12 11 252 291, 15 4 291 299, 6 14 325 335, 4 11 335 371, 
2 2 20 26, 6 8 152 190, 17 12 277 294, 1 8 316 363, 15 11 363 369, 
2 4 10 20, 15 7 20 67, 14 1 67 110, 4 3 110 130, 6 7 135 152, 15 14 192 213, 10 9 227 246, 4 10 249 282, 17 20 301 306, 14 7 312 341, 8 9 355 379, 7 13 379 397, 6 20 397 421, 
8 17 50 84, 6 6 84 102, 7 21 102 130, 4 14 130 148, 4 7 179 199, 17 2 199 212, 2 8 217 258, 6 18 268 294, 12 12 294 301, 18 11 301 349, 14 13 349 356, 2 14 356 393, 18 17 393 425, 
12 1 40 69, 8 19 84 100, 17 1 140 184, 18 10 184 211, 15 1 213 231, 6 9 234 249, 17 7 258 277, 1 7 277 316, 17 22 380 397, 12 7 397 412, 
4 2 18 48, 12 17 69 107, 1 4 107 150, 1 6 150 175, 14 9 176 186, 6 17 190 234, 8 3 236 271, 7 10 271 276, 10 10 276 321, 6 19 335 350, 12 4 350 391, 
10 4 22 42, 1 5 71 101, 12 18 168 187, 17 6 212 258, 8 6 271 304, 7 18 397 423, 
1 1 0 10, 6 15 10 23, 15 10 142 192, 14 12 192 221, 2 10 268 292, 10 11 321 338, 
1 2 10 28, 1 3 28 71, 18 9 131 144, 12 5 144 168, 10 2 168 188, 7 3 188 215, 8 2 215 236, 14 10 236 261, 12 2 301 345, 4 12 371 400, 
