10 3 91 113, 2 5 113 146, 12 14 181 186, 17 19 186 192, 15 13 196 205, 15 15 232 274, 17 16 274 279, 17 11 279 303, 14 2 303 313, 7 12 318 345, 8 11 374 389, 
4 1 0 18, 2 9 66 76, 7 19 76 107, 17 18 113 128, 15 9 160 178, 12 6 186 228, 17 9 228 257, 7 11 271 318, 17 17 318 360, 18 3 360 381, 
18 1 0 8, 12 8 29 47, 18 7 91 135, 12 13 135 157, 8 20 165 210, 4 9 256 261, 8 7 299 334, 14 8 406 414, 
10 1 0 33, 6 1 33 66, 18 16 73 91, 8 1 115 165, 2 3 165 205, 7 6 208 254, 12 10 267 285, 14 11 313 355, 14 3 362 370, 14 5 370 379, 14 6 379 406, 
18 12 8 39, 7 2 39 45, 2 1 76 86, 6 3 131 145, 6 16 145 176, 4 4 183 191, 10 6 218 228, 6 4 264 281, 2 6 281 319, 12 3 324 329, 15 6 329 372, 18 6 381 427, 
2 7 0 25, 4 13 25 46, 12 9 47 52, 6 2 66 85, 6 5 98 131, 7 20 131 149, 17 13 149 182, 18 2 182 194, 4 8 211 256, 8 8 334 350, 2 11 350 388, 
7 1 0 12, 8 18 100 115, 15 12 115 160, 4 16 160 183, 10 5 183 218, 12 11 285 324, 6 14 351 361, 4 11 361 397, 
15 8 47 75, 2 2 146 152, 15 11 226 232, 17 15 257 264, 6 8 298 336, 17 12 360 377, 1 8 377 424, 
15 7 0 47, 18 13 47 73, 2 4 86 96, 17 8 96 113, 4 3 113 133, 14 1 133 176, 15 14 205 226, 12 15 228 267, 6 7 281 298, 10 9 298 317, 4 10 317 350, 8 9 350 374, 17 20 377 382, 7 13 382 400, 6 20 400 424, 
2 8 25 66, 8 17 66 100, 7 21 149 177, 4 7 191 211, 6 18 220 246, 6 6 246 264, 18 11 264 312, 18 17 312 344, 14 13 355 362, 2 14 388 425, 12 12 433 440, 
12 1 0 29, 17 1 29 73, 18 10 145 172, 15 1 178 196, 1 7 196 235, 6 9 336 351, 17 22 382 399, 12 7 418 433, 
14 9 0 10, 4 15 46 70, 4 2 70 100, 1 4 101 144, 1 6 144 169, 6 17 176 220, 8 3 231 266, 7 10 266 271, 15 2 274 315, 10 10 317 362, 6 19 362 377, 12 4 377 418, 
1 5 71 101, 10 4 113 133, 18 8 135 145, 8 6 266 299, 12 18 329 348, 7 18 400 426, 
1 1 0 10, 14 12 10 39, 6 15 85 98, 2 10 319 343, 10 11 362 379, 
1 2 10 28, 1 3 28 71, 10 2 71 91, 12 2 91 135, 17 10 135 148, 12 5 157 181, 7 3 181 208, 8 2 210 231, 14 10 231 256, 4 12 397 426, 
