10 3 83 105, 14 2 105 115, 17 19 127 133, 15 13 163 172, 12 14 218 223, 15 15 252 294, 17 16 294 299, 7 12 326 353, 18 15 353 369, 2 5 369 402, 8 11 418 433, 
4 1 0 18, 7 19 18 49, 2 9 66 76, 17 18 112 127, 12 6 127 169, 18 3 169 190, 7 5 190 200, 7 11 279 326, 18 14 327 338, 15 5 338 350, 17 17 350 392, 
12 13 0 22, 12 8 22 40, 18 1 40 48, 18 7 70 114, 4 5 114 143, 8 20 208 253, 4 9 309 314, 8 7 314 349, 14 8 442 450, 
8 1 0 50, 10 1 50 83, 4 6 143 176, 17 3 179 190, 7 6 200 246, 2 3 246 286, 6 1 286 319, 14 3 319 327, 14 11 327 369, 12 10 370 388, 18 16 388 406, 14 5 406 415, 14 6 415 442, 
7 2 12 18, 2 1 100 110, 18 12 135 166, 6 16 176 207, 12 3 213 218, 10 6 218 228, 18 6 228 274, 6 3 338 352, 15 6 352 395, 6 4 395 412, 2 6 412 450, 
2 7 0 25, 6 5 25 58, 18 2 58 70, 17 13 79 112, 2 11 116 154, 7 20 154 172, 4 13 176 197, 15 3 235 252, 4 8 264 309, 6 2 319 338, 8 8 349 365, 12 9 365 370, 
7 1 0 12, 15 12 47 92, 7 4 92 119, 10 5 154 189, 8 18 193 208, 4 16 241 264, 15 4 294 302, 17 5 302 313, 4 11 347 383, 6 14 383 393, 12 11 393 432, 
2 2 110 116, 17 15 155 162, 15 11 172 178, 6 8 207 245, 1 8 299 346, 17 12 411 428, 
15 7 0 47, 14 1 47 90, 15 14 92 113, 6 7 133 150, 17 20 150 155, 12 15 223 262, 10 9 262 281, 2 4 286 296, 4 10 314 347, 6 20 352 376, 7 13 376 394, 8 9 394 418, 
2 8 25 66, 17 2 66 79, 8 17 79 113, 6 6 115 133, 6 18 150 176, 2 14 176 213, 4 7 221 241, 7 21 251 279, 18 11 279 327, 14 13 369 376, 18 17 406 438, 12 12 438 445, 
17 1 0 44, 12 1 44 73, 17 22 162 179, 18 10 190 217, 15 1 217 235, 6 9 245 260, 1 7 260 299, 12 7 346 361, 17 7 392 411, 
14 9 0 10, 6 17 71 115, 1 4 115 158, 8 3 158 193, 4 15 197 221, 1 6 221 246, 7 10 246 251, 6 19 260 275, 17 4 275 288, 12 4 305 346, 10 10 346 391, 
10 4 105 125, 18 8 125 135, 1 5 158 188, 8 6 253 286, 12 18 286 305, 7 18 394 420, 
1 1 0 10, 14 12 10 39, 6 15 58 71, 2 10 76 100, 15 10 113 163, 10 11 391 408, 
1 2 10 28, 1 3 28 71, 12 5 73 97, 8 2 113 134, 10 2 134 154, 12 2 169 213, 14 10 213 238, 4 12 383 412, 
