10 3 135 157, 12 14 161 166, 15 13 166 175, 17 19 207 213, 15 15 213 255, 17 16 255 260, 17 11 260 284, 2 5 284 317, 14 2 317 327, 7 12 373 400, 8 11 400 415, 
4 1 0 18, 7 19 18 49, 2 9 76 86, 17 18 90 105, 15 9 120 138, 12 6 166 208, 17 9 213 242, 17 17 284 326, 7 11 326 373, 18 3 373 394, 
18 1 0 8, 12 8 29 47, 12 13 115 137, 8 20 137 182, 18 7 182 226, 8 7 281 316, 4 9 327 332, 14 8 420 428, 
6 1 0 33, 10 1 33 66, 8 1 66 116, 2 3 116 156, 18 16 156 174, 12 10 247 265, 7 6 265 311, 14 11 327 369, 14 3 376 384, 14 5 384 393, 14 6 393 420, 
7 2 12 18, 2 1 25 35, 18 12 35 66, 6 3 117 131, 6 16 131 162, 4 4 162 170, 10 6 212 222, 6 4 257 274, 12 3 304 309, 15 6 317 360, 2 6 360 398, 18 6 398 444, 
2 7 0 25, 4 13 25 46, 12 9 47 52, 6 2 52 71, 6 5 84 117, 7 20 117 135, 17 13 174 207, 4 8 207 252, 18 2 263 275, 2 11 317 355, 8 8 355 371, 
7 1 0 12, 8 18 34 49, 15 12 75 120, 10 5 177 212, 12 11 265 304, 4 16 304 327, 6 14 360 370, 4 11 370 406, 
15 8 47 75, 2 2 86 92, 15 11 196 202, 17 15 242 249, 1 8 249 296, 6 8 307 345, 17 12 345 362, 
15 7 0 47, 17 8 73 90, 18 13 90 116, 4 3 116 136, 2 4 156 166, 15 14 175 196, 12 15 208 247, 14 1 247 290, 6 7 290 307, 10 9 307 326, 4 10 332 365, 17 20 365 370, 8 9 371 395, 7 13 400 418, 6 20 418 442, 
8 17 0 34, 2 8 35 76, 7 21 135 163, 4 7 170 190, 6 18 213 239, 6 6 239 257, 18 11 275 323, 18 17 323 355, 14 13 369 376, 12 12 384 391, 2 14 398 435, 
12 1 0 29, 17 1 29 73, 15 1 138 156, 1 7 169 208, 18 10 236 263, 6 9 345 360, 12 7 369 384, 17 22 384 401, 
14 9 0 10, 4 2 46 76, 1 4 101 144, 1 6 144 169, 6 17 169 213, 8 3 213 248, 4 15 252 276, 15 2 276 317, 7 10 317 322, 12 4 328 369, 6 19 370 385, 10 10 385 430, 
1 5 71 101, 10 4 157 177, 18 8 226 236, 8 6 248 281, 12 18 309 328, 7 18 418 444, 
1 1 0 10, 14 12 10 39, 6 15 71 84, 2 10 166 190, 10 11 430 447, 
1 2 10 28, 1 3 28 71, 12 2 71 115, 10 2 115 135, 12 5 137 161, 17 10 161 174, 8 2 182 203, 7 3 203 230, 14 10 290 315, 4 12 406 435, 
