10 3 83 105, 14 2 105 115, 17 19 127 133, 15 13 163 172, 12 14 218 223, 15 15 223 265, 17 16 293 298, 7 12 313 340, 18 15 340 356, 2 5 356 389, 8 11 394 409, 
4 1 0 18, 7 19 18 49, 2 9 66 76, 17 18 112 127, 12 6 127 169, 7 5 172 182, 18 3 182 203, 7 11 266 313, 18 14 324 335, 15 5 335 347, 17 17 347 389, 
12 13 0 22, 18 1 22 30, 12 8 30 48, 4 5 48 77, 18 7 77 121, 8 20 208 253, 4 9 306 311, 8 7 311 346, 14 8 428 436, 
8 1 0 50, 10 1 50 83, 4 6 83 116, 17 3 162 173, 7 6 182 228, 2 3 228 268, 14 3 268 276, 6 1 280 313, 14 11 313 355, 18 16 356 374, 12 10 374 392, 14 5 392 401, 14 6 401 428, 
7 2 12 18, 2 1 100 110, 18 12 135 166, 6 16 181 212, 12 3 213 218, 10 6 218 228, 18 6 230 276, 6 3 332 346, 15 6 347 390, 6 4 390 407, 2 6 407 445, 
2 7 0 25, 6 5 25 58, 18 2 58 70, 17 13 79 112, 2 11 116 154, 7 20 154 172, 4 13 172 193, 15 3 196 213, 4 8 261 306, 6 2 313 332, 8 8 346 362, 12 9 362 367, 
7 1 0 12, 15 12 47 92, 7 4 92 119, 10 5 154 189, 8 18 193 208, 4 16 238 261, 15 4 265 273, 17 5 298 309, 4 11 344 380, 6 14 380 390, 12 11 392 431, 
2 2 110 116, 17 15 138 145, 15 11 172 178, 6 8 212 250, 1 8 304 351, 17 12 408 425, 
15 7 0 47, 14 1 47 90, 15 14 92 113, 17 20 133 138, 6 7 138 155, 12 15 223 262, 10 9 262 281, 2 4 281 291, 4 10 311 344, 6 20 346 370, 8 9 370 394, 7 13 394 412, 
2 8 25 66, 17 2 66 79, 8 17 79 113, 6 6 115 133, 6 18 155 181, 2 14 181 218, 4 7 218 238, 7 21 238 266, 18 11 276 324, 14 13 355 362, 18 17 374 406, 12 12 431 438, 
17 1 0 44, 12 1 48 77, 17 22 145 162, 15 1 178 196, 18 10 203 230, 6 9 250 265, 1 7 265 304, 12 7 346 361, 17 7 389 408, 
14 9 0 10, 6 17 71 115, 1 4 115 158, 8 3 158 193, 4 15 193 217, 7 10 228 233, 1 6 233 258, 6 19 265 280, 17 4 280 293, 12 4 305 346, 10 10 346 391, 
10 4 105 125, 18 8 125 135, 1 5 158 188, 8 6 253 286, 12 18 286 305, 7 18 412 438, 
1 1 0 10, 14 12 10 39, 6 15 58 71, 2 10 76 100, 15 10 113 163, 10 11 391 408, 
1 2 10 28, 1 3 28 71, 12 5 77 101, 8 2 113 134, 10 2 134 154, 12 2 169 213, 14 10 213 238, 4 12 380 409, 
