10 3 0 22, 15 13 112 121, 2 5 121 154, 15 15 233 275, 18 15 275 291, 17 19 310 316, 7 12 359 386, 8 11 386 401, 
4 1 0 18, 18 3 20 41, 7 19 41 72, 17 18 72 87, 12 6 210 252, 18 14 252 263, 2 9 269 279, 15 5 300 312, 7 11 312 359, 17 17 359 401, 
18 1 0 8, 12 13 8 30, 18 7 41 85, 12 8 107 125, 14 4 125 143, 17 14 144 156, 8 20 156 201, 4 9 245 250, 8 7 307 342, 14 8 350 358, 
8 1 0 50, 2 3 50 90, 6 1 102 135, 10 1 147 180, 12 10 192 210, 7 6 210 256, 14 5 267 276, 14 11 276 318, 18 16 350 368, 
2 1 0 10, 18 6 85 131, 7 2 131 137, 4 4 172 180, 2 6 180 218, 18 12 218 249, 10 6 249 259, 6 16 295 326, 15 6 326 369, 12 3 369 374, 6 3 374 388, 6 4 388 405, 
18 2 8 20, 6 5 23 56, 7 20 72 90, 4 13 90 111, 17 13 111 144, 2 7 154 179, 12 9 187 192, 4 8 200 245, 6 2 249 268, 15 3 275 292, 2 11 303 341, 8 8 342 358, 
7 1 0 12, 12 16 30 40, 15 12 67 112, 10 5 112 147, 4 16 149 172, 12 11 252 291, 15 4 292 300, 6 14 326 336, 4 11 336 372, 
2 2 20 26, 6 8 152 190, 17 12 293 310, 15 11 312 318, 1 8 332 379, 
2 4 10 20, 15 7 20 67, 14 1 67 110, 4 3 111 131, 6 7 135 152, 15 14 171 192, 10 9 259 278, 4 10 278 311, 17 20 316 321, 14 7 321 350, 8 9 358 382, 7 13 386 404, 6 20 405 429, 
8 17 50 84, 6 6 84 102, 7 21 102 130, 4 14 131 149, 4 7 180 200, 17 2 215 228, 2 8 228 269, 6 18 269 295, 12 12 295 302, 18 11 302 350, 14 13 358 365, 2 14 365 402, 18 17 402 434, 
12 1 40 69, 8 19 84 100, 18 10 144 171, 17 1 171 215, 15 1 215 233, 6 9 234 249, 17 7 274 293, 1 7 293 332, 17 22 401 418, 12 7 418 433, 
14 9 0 10, 4 2 18 48, 12 17 69 107, 1 6 107 132, 1 4 132 175, 6 17 190 234, 8 3 234 269, 7 10 269 274, 10 10 278 323, 6 19 336 351, 12 4 374 415, 
10 4 22 42, 1 5 71 101, 12 18 168 187, 17 6 228 274, 8 6 274 307, 7 18 404 430, 
1 1 0 10, 6 15 10 23, 14 12 23 52, 15 10 121 171, 2 10 279 303, 10 11 323 340, 
1 2 10 28, 1 3 28 71, 18 9 131 144, 12 5 144 168, 7 3 168 195, 8 2 201 222, 10 2 222 242, 14 10 242 267, 12 2 302 346, 4 12 372 401, 
