10 3 135 157, 15 13 157 166, 12 14 166 171, 17 19 207 213, 15 15 213 255, 17 16 255 260, 17 11 260 284, 2 5 284 317, 14 2 317 327, 7 12 373 400, 8 11 400 415, 
4 1 0 18, 7 19 45 76, 17 18 90 105, 15 9 120 138, 2 9 138 148, 12 6 171 213, 17 9 213 242, 17 17 284 326, 7 11 326 373, 18 3 373 394, 
18 1 0 8, 12 8 29 47, 12 13 115 137, 8 20 137 182, 18 7 182 226, 4 9 252 257, 8 7 291 326, 14 8 420 428, 
6 1 0 33, 10 1 33 66, 8 1 66 116, 18 16 116 134, 2 3 154 194, 12 10 252 270, 7 6 270 316, 14 11 327 369, 14 3 376 384, 14 5 384 393, 14 6 393 420, 
18 12 8 39, 7 2 39 45, 2 1 64 74, 6 3 134 148, 6 16 148 179, 4 4 179 187, 10 6 212 222, 6 4 267 284, 12 3 309 314, 15 6 314 357, 2 6 357 395, 18 6 395 441, 
4 13 18 39, 2 7 39 64, 12 9 64 69, 6 2 69 88, 6 5 101 134, 7 20 134 152, 17 13 174 207, 4 8 207 252, 18 2 263 275, 2 11 317 355, 8 8 355 371, 
7 1 0 12, 8 18 34 49, 15 12 75 120, 4 16 120 143, 10 5 177 212, 12 11 270 309, 6 14 354 364, 4 11 364 400, 
15 8 47 75, 2 2 148 154, 15 11 187 193, 17 15 242 249, 1 8 249 296, 6 8 301 339, 17 12 339 356, 
15 7 0 47, 18 13 47 73, 17 8 73 90, 4 3 93 113, 14 1 113 156, 15 14 166 187, 2 4 194 204, 12 15 213 252, 10 9 252 271, 6 7 284 301, 4 10 301 334, 17 20 356 361, 8 9 371 395, 7 13 400 418, 6 20 418 442, 
8 17 0 34, 2 8 74 115, 7 21 152 180, 4 7 187 207, 6 18 223 249, 6 6 249 267, 18 11 275 323, 18 17 323 355, 14 13 369 376, 2 14 395 432, 12 12 437 444, 
12 1 0 29, 17 1 29 73, 15 1 138 156, 1 7 169 208, 18 10 236 263, 6 9 339 354, 17 22 361 378, 12 7 422 437, 
14 9 0 10, 4 15 39 63, 4 2 63 93, 1 4 101 144, 1 6 144 169, 6 17 179 223, 8 3 223 258, 15 2 258 299, 7 10 316 321, 10 10 321 366, 6 19 366 381, 12 4 381 422, 
1 5 71 101, 10 4 157 177, 18 8 226 236, 8 6 258 291, 12 18 314 333, 7 18 418 444, 
1 1 0 10, 14 12 10 39, 6 15 88 101, 2 10 204 228, 10 11 366 383, 
1 2 10 28, 1 3 28 71, 12 2 71 115, 10 2 115 135, 12 5 137 161, 17 10 161 174, 8 2 182 203, 7 3 203 230, 14 10 230 255, 4 12 400 429, 
