10 3 0 22, 2 5 26 59, 15 13 174 183, 12 14 183 188, 18 15 234 250, 17 16 270 275, 18 4 324 337, 7 12 347 374, 15 15 375 417, 8 11 417 432, 
4 1 0 18, 7 19 18 49, 7 5 128 138, 17 18 143 158, 18 14 187 198, 12 6 236 278, 2 9 278 288, 15 5 288 300, 7 11 300 347, 17 17 347 389, 
12 8 0 18, 4 5 18 47, 12 13 47 69, 18 7 69 113, 14 4 113 131, 17 21 158 173, 8 20 173 218, 4 9 227 232, 8 7 251 286, 18 1 298 306, 14 8 358 366, 
6 1 0 33, 8 1 34 84, 4 6 84 117, 2 3 117 157, 10 1 157 190, 7 6 190 236, 14 5 236 245, 14 11 245 287, 18 16 306 324, 14 6 324 351, 12 10 351 369, 
2 1 0 10, 18 12 10 41, 7 2 49 55, 6 3 120 134, 6 16 161 192, 12 3 192 197, 6 4 217 234, 2 6 234 272, 15 6 300 343, 18 6 354 400, 
17 13 0 33, 6 5 33 66, 12 9 69 74, 7 20 82 100, 6 2 101 120, 4 13 120 141, 2 7 157 182, 4 8 182 227, 15 3 239 256, 8 8 286 302, 2 11 312 350, 
7 1 0 12, 7 4 55 82, 15 12 82 127, 8 18 149 164, 6 14 207 217, 4 16 232 255, 15 4 256 264, 4 11 306 342, 12 11 384 423, 
2 2 20 26, 6 10 147 161, 17 15 190 197, 15 11 233 239, 17 12 253 270, 1 8 347 394, 
2 4 10 20, 14 1 39 82, 6 7 84 101, 15 7 127 174, 12 15 197 236, 10 9 254 273, 4 10 273 306, 8 9 306 330, 18 5 337 354, 15 14 354 375, 7 13 375 393, 6 20 409 433, 
8 17 0 34, 6 6 66 84, 17 2 84 97, 7 21 100 128, 4 14 141 159, 4 7 159 179, 2 8 182 223, 18 11 250 298, 6 18 298 324, 14 13 351 358, 2 14 358 395, 18 17 400 432, 12 12 432 439, 
15 1 0 18, 17 1 33 77, 12 1 77 106, 17 22 173 190, 6 9 192 207, 18 10 207 234, 17 7 234 253, 1 7 308 347, 12 7 369 384, 
14 9 0 10, 10 7 22 54, 1 4 71 114, 8 3 114 149, 10 8 190 234, 6 17 234 278, 7 10 278 283, 1 6 283 308, 12 4 308 349, 10 10 349 394, 6 19 394 409, 
17 6 97 143, 1 5 143 173, 8 6 218 251, 12 18 278 297, 7 18 393 419, 
1 1 0 10, 14 12 10 39, 6 15 134 147, 15 10 183 233, 2 10 288 312, 10 11 394 411, 
1 2 10 28, 1 3 28 71, 8 2 84 105, 12 5 106 130, 12 2 130 174, 18 9 174 187, 14 10 187 212, 10 2 234 254, 4 12 342 371, 
