10 3 141 163, 12 14 169 174, 18 4 174 187, 2 5 244 277, 15 13 277 286, 18 15 289 305, 15 15 314 356, 17 16 387 392, 8 11 415 430, 
17 18 0 15, 7 19 15 46, 4 1 46 64, 2 9 172 182, 18 14 187 198, 7 11 225 272, 12 6 272 314, 15 9 356 374, 17 17 392 434, 
12 8 0 18, 17 21 18 33, 18 1 33 41, 12 13 51 73, 4 5 73 102, 18 7 106 150, 14 4 150 168, 8 7 182 217, 8 20 272 317, 4 9 319 324, 14 8 324 332, 
8 1 0 50, 2 3 50 90, 12 10 90 108, 10 1 108 141, 6 1 141 174, 7 6 174 220, 4 6 221 254, 14 5 254 263, 14 6 263 290, 18 16 305 323, 14 11 332 374, 
2 1 25 35, 6 16 35 66, 7 2 69 75, 18 12 75 106, 15 6 106 149, 6 3 193 207, 6 4 207 224, 18 6 230 276, 10 6 276 286, 12 3 358 363, 2 6 363 401, 
2 7 0 25, 4 13 25 46, 12 9 46 51, 7 20 51 69, 6 5 69 102, 6 2 174 193, 2 11 206 244, 4 8 274 319, 8 8 319 335, 17 13 335 368, 
7 1 0 12, 12 11 108 147, 15 12 149 194, 4 16 198 221, 10 5 222 257, 8 18 257 272, 7 17 302 322, 4 11 357 393, 6 14 406 416, 
2 2 35 41, 1 8 213 260, 17 12 267 284, 15 8 286 314, 6 8 314 352, 15 11 374 380, 17 15 380 387, 
14 1 10 53, 15 7 59 106, 6 7 121 138, 2 4 162 172, 12 15 174 213, 18 5 213 230, 15 14 230 251, 10 9 286 305, 4 10 324 357, 6 20 367 391, 8 9 391 415, 
7 21 75 103, 6 6 103 121, 2 8 121 162, 12 12 162 169, 17 2 169 182, 8 17 217 251, 4 7 254 274, 6 18 274 300, 2 14 300 337, 18 17 350 382, 18 11 382 430, 14 13 430 437, 
15 1 0 18, 17 22 33 50, 17 1 50 94, 1 7 174 213, 12 1 213 242, 17 7 248 267, 7 14 272 292, 18 10 323 350, 6 9 391 406, 12 7 423 438, 
14 9 0 10, 15 2 18 59, 1 4 71 114, 8 3 114 149, 1 6 149 174, 4 15 174 198, 7 10 220 225, 6 17 225 269, 10 10 305 350, 6 19 352 367, 12 4 382 423, 
1 5 114 144, 8 6 149 182, 10 4 182 202, 17 6 202 248, 7 18 322 348, 12 18 363 382, 
1 1 0 10, 6 15 10 23, 14 12 53 82, 2 10 182 206, 7 16 292 302, 10 11 350 367, 
1 2 10 28, 1 3 28 71, 8 2 71 92, 7 3 103 130, 14 10 168 193, 10 2 202 222, 12 5 242 266, 18 9 276 289, 12 2 314 358, 4 12 393 422, 
