10 3 0 22, 2 5 90 123, 18 15 263 279, 17 19 310 316, 7 12 326 353, 15 13 369 378, 15 15 378 420, 8 11 420 435, 
4 1 0 18, 18 3 20 41, 7 19 41 72, 17 18 72 87, 12 6 210 252, 18 14 252 263, 2 9 269 279, 7 11 279 326, 17 17 326 368, 
18 1 0 8, 12 13 8 30, 18 7 41 85, 12 8 107 125, 14 4 125 143, 17 14 144 156, 8 20 156 201, 4 9 245 250, 8 7 307 342, 14 8 350 358, 
8 1 0 50, 2 3 50 90, 6 1 102 135, 10 1 135 168, 12 10 192 210, 7 6 210 256, 14 5 267 276, 14 11 276 318, 18 16 350 368, 
2 1 0 10, 18 6 85 131, 7 2 131 137, 4 4 172 180, 2 6 180 218, 18 12 218 249, 10 6 249 259, 6 16 295 326, 15 6 326 369, 12 3 369 374, 6 3 375 389, 6 4 389 406, 
18 2 8 20, 6 5 23 56, 7 20 72 90, 4 13 90 111, 17 13 111 144, 2 7 144 169, 12 9 187 192, 4 8 200 245, 6 2 249 268, 2 11 303 341, 8 8 342 358, 
7 1 0 12, 12 16 30 40, 10 5 42 77, 15 12 77 122, 4 16 149 172, 12 11 252 291, 6 14 326 336, 4 11 336 372, 
2 2 20 26, 6 8 152 190, 15 11 190 196, 17 12 293 310, 1 8 332 379, 
2 4 10 20, 15 7 20 67, 14 1 67 110, 4 3 111 131, 6 7 135 152, 15 14 233 254, 10 9 259 278, 4 10 278 311, 17 20 316 321, 14 7 321 350, 8 9 358 382, 7 13 382 400, 6 20 406 430, 
8 17 50 84, 6 6 84 102, 7 21 102 130, 4 14 131 149, 4 7 180 200, 17 2 215 228, 2 8 228 269, 6 18 269 295, 12 12 295 302, 18 11 302 350, 2 14 350 387, 14 13 387 394, 18 17 394 426, 
12 1 40 69, 8 19 84 100, 18 10 144 171, 17 1 171 215, 15 1 215 233, 6 9 234 249, 17 7 274 293, 1 7 293 332, 17 22 368 385, 12 7 416 431, 
14 9 0 10, 4 2 18 48, 12 17 69 107, 1 6 107 132, 1 4 132 175, 6 17 190 234, 8 3 234 269, 7 10 269 274, 15 2 274 315, 10 10 315 360, 6 19 360 375, 12 4 375 416, 
10 4 22 42, 1 5 71 101, 12 18 168 187, 17 6 228 274, 8 6 274 307, 7 18 400 426, 
1 1 0 10, 6 15 10 23, 14 12 23 52, 15 10 122 172, 2 10 279 303, 10 11 360 377, 
1 2 10 28, 1 3 28 71, 18 9 131 144, 12 5 144 168, 7 3 168 195, 8 2 201 222, 10 2 222 242, 14 10 242 267, 12 2 302 346, 4 12 372 401, 
