17 19 15 21, 10 3 21 43, 18 15 81 97, 15 13 166 175, 2 5 176 209, 17 16 209 214, 15 15 239 281, 8 11 356 371, 
17 18 0 15, 4 1 15 33, 18 14 70 81, 7 19 81 112, 7 11 169 216, 17 17 216 258, 15 5 281 293, 18 3 293 314, 12 6 347 389, 
18 1 0 8, 7 7 12 34, 8 20 72 117, 12 13 119 141, 14 4 141 159, 18 7 159 203, 12 8 211 229, 14 8 257 265, 4 9 265 270, 8 7 281 316, 
6 1 33 66, 10 1 66 99, 2 12 99 124, 18 16 124 142, 8 1 142 192, 14 5 192 201, 14 6 230 257, 12 10 266 284, 2 3 291 331, 14 11 331 373, 
2 1 0 10, 18 12 10 41, 7 8 41 50, 12 3 73 78, 6 16 117 148, 4 4 158 166, 6 3 200 214, 6 4 214 231, 10 6 251 261, 15 6 293 336, 2 6 336 374, 18 6 374 420, 
6 5 0 33, 2 7 33 58, 18 2 58 70, 17 13 78 111, 4 13 119 140, 7 9 140 164, 6 2 164 183, 15 3 193 210, 4 8 216 261, 12 9 261 266, 8 8 316 332, 7 20 332 350, 
7 1 0 12, 15 12 12 57, 8 18 57 72, 2 13 124 163, 12 16 163 173, 4 16 173 196, 10 5 196 231, 15 4 231 239, 7 17 247 267, 12 11 284 323, 4 11 323 359, 6 14 371 381, 
17 15 111 118, 7 15 236 247, 2 2 285 291, 17 12 294 311, 6 8 318 356, 1 8 356 403, 15 11 403 409, 
14 1 10 53, 17 20 73 78, 15 14 78 99, 4 3 99 119, 15 7 119 166, 2 4 166 176, 6 7 183 200, 10 9 261 280, 4 10 280 313, 8 9 332 356, 6 20 396 420, 
8 17 0 34, 2 8 58 99, 6 6 99 117, 17 2 118 131, 4 14 140 158, 4 7 196 216, 18 17 216 248, 2 14 248 285, 6 18 292 318, 18 11 318 366, 14 13 373 380, 7 21 380 408, 12 12 408 415, 
12 1 0 29, 17 1 29 73, 17 22 131 148, 15 1 175 193, 7 14 216 236, 18 10 248 275, 17 7 275 294, 1 7 317 356, 6 9 356 371, 12 7 389 404, 
14 9 0 10, 4 2 33 63, 12 4 78 119, 1 4 119 162, 7 10 164 169, 12 17 173 211, 8 3 213 248, 6 17 248 292, 1 6 292 317, 10 10 317 362, 6 19 381 396, 
1 5 28 58, 10 4 99 119, 17 6 148 194, 18 8 203 213, 12 18 229 248, 8 6 248 281, 7 18 281 307, 
1 1 0 10, 6 15 66 79, 14 12 201 230, 15 10 336 386, 10 11 386 403, 
1 2 10 28, 12 2 29 73, 1 3 73 116, 14 10 116 141, 8 2 192 213, 10 2 231 251, 12 5 323 347, 4 12 359 388, 
