18 15 99 115, 17 19 115 121, 17 16 133 138, 17 11 216 240, 8 11 347 362, 
17 18 0 15, 18 14 31 42, 9 13 42 86, 7 19 86 117, 7 11 122 169, 8 5 169 187, 17 9 187 216, 17 17 240 282, 18 3 294 315, 
7 7 12 34, 18 7 42 86, 16 19 103 122, 18 1 165 173, 8 7 187 222, 8 20 237 282, 
9 16 0 42, 8 1 42 92, 18 16 115 133, 8 4 157 168, 16 15 257 263, 9 20 307 325, 
18 12 0 31, 7 8 34 43, 16 7 142 147, 9 15 162 176, 16 8 176 192, 18 6 315 361, 
7 9 43 67, 17 13 67 100, 16 6 137 142, 7 20 189 207, 18 2 216 228, 9 6 278 307, 8 8 307 323, 9 12 325 366, 
7 1 0 12, 8 18 222 237, 9 2 237 258, 7 17 258 278, 
17 15 121 128, 7 15 207 218, 16 11 227 257, 17 12 282 299, 
17 20 128 133, 17 8 155 172, 16 16 263 268, 8 9 323 347, 
8 17 0 34, 18 17 133 165, 16 9 192 201, 7 21 218 246, 18 11 246 294, 
16 18 0 18, 17 1 18 62, 16 1 62 103, 17 22 138 155, 7 14 169 189, 18 10 189 216, 16 10 216 227, 
9 1 86 107, 7 10 117 122, 8 3 122 157, 
9 7 107 112, 9 3 258 278, 7 18 278 304, 16 17 304 323, 
16 20 122 137, 16 21 147 161, 9 10 176 186, 
18 9 86 99, 8 2 99 120, 9 14 120 162, 17 10 172 185, 9 11 186 206, 9 17 206 226, 
