7 21 98 130, 18 15 139 155, 
9 13 0 44, 7 19 49 80, 18 14 80 91, 16 1 91 136, 7 11 165 212, 17 7 240 263, 17 17 309 351, 
7 7 17 39, 8 12 84 127, 9 11 261 289, 8 20 365 410, 
8 1 0 50, 9 7 112 119, 9 16 119 161, 17 12 271 292, 9 20 304 322, 
17 2 44 60, 9 1 60 91, 18 6 155 201, 7 18 286 316, 
7 20 80 98, 17 19 102 109, 7 9 130 154, 17 13 154 187, 16 3 188 227, 16 5 271 302, 9 12 363 404, 
9 2 91 112, 16 2 156 188, 18 7 220 268, 
7 1 0 17, 18 1 91 104, 17 15 187 194, 9 10 205 217, 7 12 217 247, 17 16 263 271, 
18 5 122 139, 16 4 227 271, 
16 18 0 24, 7 8 39 49, 8 17 50 84, 17 18 84 102, 18 4 104 122, 8 15 127 163, 8 13 163 207, 9 18 235 251, 9 6 331 363, 
17 1 0 44, 17 20 109 118, 16 19 136 156, 17 22 292 309, 8 19 349 365, 

18 12 0 32, 7 10 154 165, 17 6 194 240, 9 19 251 261, 18 8 268 278, 9 5 322 331, 18 11 351 401, 
9 14 161 205, 9 15 217 235, 8 14 235 266, 7 13 266 286, 18 17 286 321, 8 16 321 349, 16 21 374 388, 
18 16 201 220, 9 4 289 304, 18 10 321 351, 16 20 351 374, 
