18 4 8 21, 18 15 209 225, 16 5 227 252, 7 12 265 292, 8 11 294 309, 
9 13 0 44, 7 19 44 75, 17 18 75 90, 18 14 181 192, 9 18 199 209, 9 19 209 218, 7 11 218 265, 17 17 265 307, 
18 1 0 8, 18 7 21 65, 7 7 75 97, 16 19 103 122, 17 21 122 137, 16 3 154 187, 17 14 187 199, 8 7 199 234, 9 4 238 251, 8 20 309 354, 
8 1 34 84, 9 16 91 133, 16 4 187 227, 9 20 251 269, 18 16 271 289, 
18 12 65 96, 7 8 97 106, 9 15 185 199, 18 6 225 271, 8 10 271 294, 
7 9 106 130, 7 20 130 148, 17 13 154 187, 8 8 234 250, 9 5 269 274, 9 6 274 303, 9 12 303 344, 
7 1 0 12, 9 2 65 86, 16 2 122 154, 8 18 250 265, 
17 12 326 343, 
18 5 192 209, 7 13 292 310, 
8 17 0 34, 17 2 44 57, 18 11 133 181, 7 21 181 209, 18 17 289 321, 
17 1 0 44, 16 18 44 62, 16 1 62 103, 18 10 106 133, 17 22 137 154, 17 7 307 326, 
9 1 44 65, 8 3 105 140, 7 10 209 214, 
9 7 86 91, 18 8 96 106, 8 6 140 173, 17 6 199 245, 7 18 310 336, 
9 10 175 185, 16 20 252 267, 16 21 267 281, 
8 2 84 105, 9 14 133 175, 9 11 218 238, 
