17 16 92 97, 7 12 200 227, 16 5 227 252, 8 11 272 287, 
7 19 12 43, 9 13 43 87, 18 3 87 108, 17 17 108 150, 7 11 153 200, 17 18 227 242, 
18 7 0 44, 18 1 44 52, 7 7 89 111, 16 3 111 144, 8 7 197 232, 17 21 242 257, 8 20 287 332, 
9 16 0 42, 8 1 42 92, 16 4 144 184, 18 16 204 222, 9 20 289 307, 
7 8 111 120, 18 12 120 151, 9 15 155 169, 18 6 302 348, 
17 13 0 33, 7 20 43 61, 18 2 61 73, 7 9 120 144, 8 8 232 248, 9 6 260 289, 9 12 307 348, 
7 1 0 12, 16 2 41 73, 9 2 219 240, 
17 15 85 92, 17 12 293 310, 
18 13 178 204, 7 13 227 245, 8 9 248 272, 
8 17 0 34, 7 21 61 89, 17 2 150 163, 18 17 222 254, 18 11 254 302, 
16 1 0 41, 17 1 41 85, 18 10 151 178, 8 19 181 197, 17 7 257 276, 17 22 276 293, 16 18 293 311, 
9 1 87 108, 8 3 113 148, 7 10 148 153, 
18 8 73 83, 9 7 108 113, 8 6 148 181, 17 6 181 227, 9 3 240 260, 7 18 260 286, 
9 10 169 179, 16 20 311 326, 16 21 326 340, 
8 2 92 113, 9 14 113 155, 9 11 179 199, 9 17 199 219, 
