17 16 101 106, 7 12 196 223, 17 19 283 289, 17 11 294 318, 16 5 318 343, 8 11 351 366, 
7 19 34 65, 9 13 65 109, 18 3 109 130, 17 18 130 145, 7 11 149 196, 17 17 196 238, 17 9 254 283, 
7 7 12 34, 18 7 34 78, 18 1 78 86, 16 19 86 105, 8 20 121 166, 16 3 215 248, 8 7 248 283, 
9 16 0 42, 8 1 50 100, 18 16 214 232, 16 4 248 288, 9 20 311 329, 
7 8 111 120, 18 12 130 161, 9 15 177 191, 18 6 312 358, 
17 13 0 33, 7 20 65 83, 18 2 86 98, 7 9 120 144, 9 6 282 311, 8 8 311 327, 9 12 329 370, 
7 1 0 12, 16 2 161 193, 9 2 241 262, 
17 15 94 101, 17 12 318 335, 
17 8 145 162, 18 13 188 214, 7 13 223 241, 17 20 289 294, 8 9 327 351, 
8 17 0 34, 7 21 83 111, 18 17 232 264, 18 11 264 312, 
16 18 0 18, 8 19 34 50, 17 1 50 94, 16 1 120 161, 18 10 161 188, 17 22 335 352, 
9 1 109 130, 7 10 144 149, 8 3 166 201, 
18 8 98 108, 9 7 130 135, 8 6 201 234, 9 3 262 282, 7 18 282 308, 
16 20 105 120, 9 10 191 201, 16 21 201 215, 
8 2 100 121, 9 14 135 177, 9 11 201 221, 9 17 221 241, 17 10 241 254, 
