16 1 27 70, 18 15 237 253, 9 6 287 324, 17 16 324 329, 
9 13 28 72, 7 9 72 100, 18 14 100 111, 7 19 111 142, 7 11 142 189, 9 19 324 333, 17 17 333 375, 
7 7 12 34, 8 12 84 127, 8 20 274 319, 18 17 335 371, 
8 1 34 84, 16 9 152 170, 9 14 184 231, 17 12 258 279, 9 20 374 392, 
16 18 0 27, 17 2 44 60, 18 12 61 92, 7 20 241 263, 18 6 270 316, 
16 6 105 110, 17 13 206 239, 17 19 286 293, 17 22 298 317, 9 12 333 374, 
7 1 0 12, 18 7 13 61, 9 2 72 93, 16 15 211 221, 9 3 249 270, 7 21 309 342, 
18 1 0 13, 9 10 102 114, 16 11 181 211, 7 12 211 241, 17 15 279 286, 
16 8 134 152, 9 11 160 184, 18 5 253 270, 9 18 270 287, 17 20 293 298, 
8 17 0 34, 7 8 34 44, 17 18 60 78, 8 13 127 171, 18 11 171 219, 18 4 219 237, 
17 1 0 44, 16 19 70 90, 9 7 93 102, 18 10 124 151, 16 10 170 181, 17 7 239 258, 8 19 258 274, 
7 10 100 105, 16 16 221 227, 
9 1 0 28, 9 16 114 160, 17 6 160 206, 8 15 206 244, 16 17 244 263, 7 18 283 309, 
16 20 90 105, 16 7 110 120, 16 21 120 134, 8 14 171 202, 9 15 231 249, 7 13 263 283, 8 16 319 347, 
18 9 111 124, 18 16 316 335, 
