7 19 17 52, 18 4 98 111, 17 14 191 208, 16 14 223 240, 
9 16 0 45, 8 17 50 89, 17 18 89 104, 9 13 112 156, 7 11 206 253, 17 17 255 297, 16 15 307 314, 17 7 314 337, 
18 1 0 8, 18 10 70 98, 18 13 193 223, 16 19 240 259, 8 20 329 374, 
8 1 0 50, 9 7 105 112, 17 3 231 242, 7 18 332 361, 
7 20 90 112, 18 12 112 143, 9 10 201 215, 17 2 215 231, 9 14 239 282, 9 6 303 342, 18 6 342 388, 
17 13 0 33, 16 6 41 46, 18 8 56 70, 17 19 150 157, 9 12 363 404, 
18 7 8 56, 9 2 84 105, 16 13 105 152, 7 21 162 195, 16 20 259 278, 9 3 282 303, 17 5 303 314, 
7 1 0 17, 7 12 253 283, 17 12 337 354, 16 17 354 378, 
9 11 215 239, 18 5 242 259, 16 16 314 319, 9 15 342 363, 
17 1 104 150, 8 12 150 199, 16 18 199 223, 8 13 237 281, 18 17 281 313, 
16 1 0 41, 7 6 112 162, 17 20 162 171, 8 19 313 329, 
7 2 52 63, 9 1 63 84, 9 20 176 201, 7 10 201 206, 17 4 242 255, 16 21 278 307, 
18 11 143 193, 8 15 199 237, 8 14 281 313, 7 13 313 332, 
16 12 46 70, 17 22 171 191, 8 16 374 402, 
7 3 63 90, 9 17 156 176, 18 16 223 242, 
