7 19 25 60, 18 15 140 156, 16 14 178 195, 17 16 254 259, 17 19 274 280, 8 11 324 339, 
9 18 42 52, 9 13 52 96, 9 19 96 105, 18 14 108 119, 18 3 119 140, 17 18 259 274, 17 17 280 322, 
18 7 0 44, 18 1 44 52, 7 5 105 116, 8 20 116 161, 9 4 203 216, 8 7 250 285, 
9 16 0 42, 8 1 42 92, 16 13 134 178, 16 15 195 201, 9 20 255 273, 18 16 277 295, 7 18 307 336, 
18 12 77 108, 9 15 147 161, 18 6 231 277, 8 10 301 324, 
17 13 0 33, 18 2 65 77, 7 20 87 105, 16 6 105 110, 7 10 165 173, 9 5 216 221, 9 6 221 250, 8 8 285 301, 9 12 303 344, 
7 4 60 87, 9 2 182 203, 7 14 221 243, 7 21 243 276, 7 17 287 307, 
7 1 0 17, 7 2 17 25, 17 12 230 247, 17 15 247 254, 7 15 276 287, 
7 11 173 221, 16 16 221 226, 17 20 322 327, 
8 17 0 34, 17 2 152 165, 18 11 183 231, 18 17 295 327, 
16 18 0 18, 16 1 47 88, 8 19 92 108, 17 1 108 152, 18 10 156 183, 17 7 211 230, 17 22 327 344, 
9 1 161 182, 8 3 182 217, 
7 6 116 165, 17 6 165 211, 8 6 217 250, 9 7 250 255, 16 17 255 274, 
16 20 18 33, 16 21 33 47, 16 12 110 134, 9 10 273 283, 
18 9 52 65, 9 14 105 147, 8 2 161 182, 9 11 283 303, 
