17 19 18 24, 7 19 39 74, 16 14 141 158, 18 15 158 174, 7 21 233 265, 7 12 265 292, 9 6 298 335, 
8 17 0 39, 9 18 42 52, 7 9 84 112, 18 14 112 123, 9 13 142 186, 7 11 186 233, 16 15 237 244, 17 7 273 296, 17 17 296 338, 
7 7 17 39, 8 20 107 152, 16 19 158 177, 8 7 244 279, 9 4 279 292, 9 5 292 298, 
9 16 0 42, 8 1 57 107, 8 6 208 244, 17 12 338 359, 9 12 369 414, 
7 20 112 134, 17 2 134 150, 18 8 312 329, 9 10 335 349, 
16 6 41 46, 9 20 91 114, 17 13 160 193, 17 22 208 227, 9 15 251 271, 
16 13 70 117, 16 20 177 196, 9 2 230 251, 
7 1 0 17, 18 1 123 136, 17 15 193 200, 17 16 200 208, 18 6 265 312, 16 17 312 336, 8 11 336 353, 
18 5 192 209, 16 16 244 249, 8 9 296 320, 
17 18 0 18, 7 8 74 84, 16 18 117 141, 17 20 150 160, 18 4 174 192, 
16 1 0 41, 8 19 41 57, 17 1 57 101, 18 10 329 356, 
8 3 173 208, 16 21 208 237, 
18 7 0 49, 18 12 49 81, 9 19 81 91, 9 7 137 142, 7 10 142 153, 17 6 227 273, 7 13 292 311, 7 18 311 337, 18 11 356 406, 
16 12 46 70, 9 1 114 137, 9 14 186 230, 18 17 230 265, 
8 2 152 173, 18 16 209 228, 8 8 279 296, 9 11 349 369, 
