18 15 140 156, 17 16 192 197, 17 19 212 218, 16 14 222 239, 8 11 325 340, 
7 19 12 43, 9 18 43 53, 9 13 53 97, 9 19 97 106, 18 14 108 119, 18 3 119 140, 7 11 149 196, 17 18 197 212, 17 17 218 260, 
18 7 0 44, 18 1 44 52, 7 7 89 111, 8 20 111 156, 9 4 204 217, 8 7 251 286, 
9 16 0 42, 8 1 42 92, 16 13 178 222, 16 15 239 245, 9 20 256 274, 18 16 289 307, 
18 12 77 108, 7 8 111 120, 9 15 148 162, 18 6 243 289, 8 10 302 325, 
17 13 0 33, 7 20 43 61, 18 2 65 77, 7 9 120 144, 16 6 149 154, 9 5 217 222, 9 6 222 251, 8 8 286 302, 9 12 304 345, 
7 1 0 12, 9 2 183 204, 7 17 226 246, 
17 12 168 185, 17 15 185 192, 
16 16 245 250, 17 20 260 265, 
8 17 0 34, 7 21 61 89, 17 2 89 102, 18 11 195 243, 18 17 307 339, 
16 18 0 18, 17 1 33 77, 8 19 92 108, 16 1 108 149, 17 7 149 168, 18 10 168 195, 7 14 196 216, 17 22 265 282, 
7 10 144 149, 9 1 162 183, 8 3 183 218, 
17 6 102 148, 8 6 218 251, 9 7 251 256, 16 17 256 275, 7 18 275 301, 
16 20 18 33, 16 21 33 47, 16 12 154 178, 7 16 216 226, 9 10 274 284, 
18 9 52 65, 9 14 106 148, 8 2 156 177, 9 11 284 304, 
