7 21 98 130, 18 15 144 160, 
9 13 0 44, 7 19 49 80, 18 14 80 91, 16 1 91 136, 7 11 165 212, 17 7 240 263, 17 17 309 351, 
7 7 17 39, 9 11 259 287, 8 7 287 322, 
8 1 60 110, 9 7 110 117, 9 16 117 159, 8 4 214 225, 17 12 271 292, 9 20 302 320, 
9 1 44 75, 17 2 75 91, 18 6 160 206, 7 18 265 295, 8 11 364 380, 
7 20 80 98, 17 19 109 116, 7 9 130 154, 17 13 154 187, 16 3 188 227, 16 5 271 302, 8 8 322 338, 9 12 361 402, 
9 2 75 96, 16 2 156 188, 18 7 225 273, 
7 1 0 17, 18 1 91 104, 17 15 187 194, 9 10 203 215, 7 12 215 245, 17 16 263 271, 
18 5 127 144, 16 4 227 271, 
8 17 0 34, 7 8 39 49, 16 18 49 73, 17 18 91 109, 18 4 109 127, 9 18 233 249, 9 6 329 361, 
17 1 0 44, 8 19 44 60, 17 20 116 125, 16 19 136 156, 8 5 225 245, 17 22 292 309, 
8 20 110 158, 8 3 179 214, 
18 12 0 32, 7 10 154 165, 17 6 194 240, 9 19 249 259, 18 8 273 283, 9 5 320 329, 18 11 348 398, 
9 14 159 203, 9 15 215 233, 7 13 245 265, 18 17 283 318, 8 10 338 364, 16 21 371 385, 
8 2 158 179, 18 16 206 225, 9 4 287 302, 18 10 318 348, 16 20 348 371, 
