7 12 257 284, 17 16 284 289, 16 5 300 325, 8 11 337 352, 
7 19 12 43, 9 13 43 87, 17 18 87 102, 18 3 102 123, 7 5 123 133, 8 5 159 177, 7 11 210 257, 17 17 289 331, 
18 7 0 44, 18 1 44 52, 17 21 102 117, 16 3 135 168, 8 7 177 212, 16 19 212 231, 8 20 231 276, 
9 16 0 42, 8 1 42 92, 8 4 148 159, 7 6 159 205, 18 16 207 225, 16 4 231 271, 9 20 297 315, 
7 2 43 49, 18 12 123 154, 9 15 155 169, 18 6 305 351, 
18 2 52 64, 7 20 76 94, 17 13 212 245, 9 6 268 297, 8 8 297 313, 9 12 315 356, 
7 1 0 12, 7 4 49 76, 16 2 103 135, 8 18 212 227, 9 2 227 248, 
17 12 245 262, 17 15 262 269, 
18 13 181 207, 7 13 284 302, 8 9 313 337, 
8 17 0 34, 7 21 94 122, 17 2 134 147, 18 17 225 257, 18 11 257 305, 
17 1 0 44, 16 1 44 85, 16 18 85 103, 17 22 117 134, 18 10 154 181, 17 7 193 212, 
9 1 87 108, 8 3 113 148, 7 10 205 210, 
18 8 64 74, 9 7 108 113, 17 6 147 193, 9 3 248 268, 7 18 302 328, 
9 10 169 179, 16 20 271 286, 16 21 286 300, 
8 2 92 113, 9 14 113 155, 9 11 179 199, 9 17 199 219, 
