16 1 27 70, 17 19 169 175, 17 11 221 245, 18 15 268 284, 9 6 287 324, 
9 13 28 72, 7 9 72 100, 17 17 109 151, 18 14 151 162, 7 19 162 193, 7 11 193 240, 9 19 324 333, 
7 7 12 34, 17 14 51 63, 8 12 102 145, 8 20 275 320, 18 17 369 405, 
8 1 52 102, 16 9 152 170, 9 14 184 231, 17 12 292 313, 9 20 374 392, 
16 18 0 27, 18 12 61 92, 17 8 151 169, 7 20 273 295, 18 6 304 350, 
17 13 18 51, 16 6 105 110, 9 12 333 374, 
7 1 0 12, 18 7 13 61, 9 2 72 93, 9 3 249 270, 16 15 270 280, 7 21 341 374, 
18 1 0 13, 9 10 102 114, 16 11 213 243, 7 12 243 273, 
16 8 134 152, 9 11 160 184, 17 20 245 250, 9 18 270 287, 18 5 287 304, 
17 18 0 18, 8 17 18 52, 7 8 52 62, 17 1 63 109, 8 13 145 189, 18 11 202 250, 18 4 250 268, 
16 19 70 90, 9 7 93 102, 18 10 175 202, 16 10 202 213, 8 19 259 275, 17 22 275 292, 
7 10 100 105, 17 9 175 205, 16 16 280 286, 
9 1 0 28, 9 16 114 160, 17 10 205 221, 8 15 221 259, 16 17 286 305, 7 18 315 341, 
16 20 90 105, 16 7 110 120, 16 21 120 134, 8 14 189 220, 9 15 231 249, 7 13 295 315, 8 16 320 348, 
18 9 162 175, 18 16 350 369, 
