7 19 17 52, 8 7 233 271, 17 16 331 336, 8 11 359 374, 
9 13 42 86, 7 11 161 208, 8 5 215 233, 17 17 336 378, 
18 1 49 57, 7 7 98 120, 18 13 160 190, 17 21 194 209, 9 11 344 372, 
9 16 0 42, 8 1 84 134, 9 14 134 181, 16 9 181 199, 18 16 207 225, 9 10 325 344, 
16 18 0 27, 18 4 57 73, 9 1 86 117, 7 8 120 129, 18 12 129 160, 18 8 190 207, 9 15 230 244, 16 15 255 264, 18 6 264 310, 8 10 336 359, 
7 20 52 70, 16 6 104 109, 7 9 129 153, 7 10 153 161, 17 13 161 194, 9 17 202 230, 9 6 265 294, 9 20 302 325, 9 12 372 413, 
16 20 109 128, 16 8 152 171, 9 2 181 202, 8 4 202 215, 7 14 215 237, 9 3 244 265, 7 17 274 294, 
7 1 0 17, 16 17 270 294, 17 12 307 324, 17 15 324 331, 
18 5 73 90, 
8 17 0 34, 17 18 34 52, 7 21 70 98, 17 1 98 144, 17 2 229 242, 9 7 294 302, 18 11 340 388, 
16 1 27 68, 8 19 68 84, 16 19 84 104, 17 7 288 307, 
8 3 155 190, 16 10 199 215, 16 16 264 270, 8 20 288 336, 
18 7 0 49, 17 6 242 288, 7 18 294 320, 
16 21 128 142, 16 7 142 152, 17 22 209 229, 18 17 229 264, 7 16 264 274, 
8 2 134 155, 16 11 215 255, 8 8 271 288, 18 10 310 340, 
