17 16 101 106, 7 12 196 223, 17 19 280 286, 17 11 291 315, 8 11 315 330, 16 5 342 367, 
7 19 34 65, 9 13 65 109, 17 18 109 124, 18 3 124 145, 7 11 149 196, 17 17 196 238, 17 9 251 280, 
7 7 12 34, 18 7 34 78, 18 1 78 86, 16 19 86 105, 8 20 121 166, 8 7 234 269, 16 3 269 302, 
9 16 0 42, 8 1 50 100, 9 20 141 159, 18 16 229 247, 16 4 302 342, 
7 8 111 120, 18 12 145 176, 9 15 201 215, 18 6 327 373, 
17 13 0 33, 7 20 65 83, 18 2 86 98, 7 9 120 144, 8 8 269 285, 9 6 312 341, 9 12 341 382, 
7 1 0 12, 16 2 161 193, 9 2 236 257, 
17 15 94 101, 17 12 315 332, 
17 8 124 141, 18 13 203 229, 7 13 229 247, 17 20 286 291, 8 9 291 315, 
8 17 0 34, 7 21 83 111, 18 17 247 279, 18 11 279 327, 
16 18 0 18, 8 19 34 50, 17 1 50 94, 16 1 120 161, 18 10 176 203, 17 22 332 349, 
7 10 144 149, 8 3 166 201, 9 1 215 236, 
18 8 98 108, 8 6 201 234, 9 7 257 262, 9 3 262 282, 7 18 282 308, 
16 20 105 120, 16 21 193 207, 9 10 282 292, 
8 2 100 121, 9 17 121 141, 9 14 159 201, 17 10 238 251, 9 11 292 312, 
