17 19 15 21, 18 15 116 132, 18 4 132 145, 16 14 191 208, 17 16 208 213, 7 12 265 292, 8 11 361 376, 
17 18 0 15, 9 18 42 52, 9 19 52 61, 7 19 66 97, 18 14 97 108, 9 13 108 152, 7 11 190 237, 17 17 295 337, 
18 7 0 44, 7 7 44 66, 18 1 108 116, 16 19 208 227, 9 4 229 242, 8 7 242 277, 8 20 293 338, 
9 16 0 42, 9 20 61 79, 8 1 79 129, 16 13 129 173, 18 16 173 191, 16 15 256 262, 
18 12 44 75, 7 8 97 106, 9 15 215 229, 18 6 229 275, 8 10 338 361, 
16 6 41 46, 7 9 106 130, 7 20 130 148, 17 13 148 181, 9 5 242 247, 9 6 247 276, 8 8 277 293, 9 12 306 347, 
7 1 0 12, 8 18 34 49, 9 2 194 215, 
17 15 181 188, 17 12 337 354, 
17 20 98 103, 18 5 145 162, 16 16 262 267, 7 13 292 310, 
8 17 0 34, 17 2 85 98, 18 17 191 223, 7 21 237 265, 18 11 322 370, 
16 1 0 41, 17 1 41 85, 16 18 173 191, 17 22 213 230, 17 7 276 295, 18 10 295 322, 
9 1 79 100, 8 3 150 185, 7 10 185 190, 
9 7 100 105, 8 6 185 218, 17 6 230 276, 18 8 276 286, 16 17 286 305, 7 18 310 336, 
16 12 46 70, 16 20 227 242, 16 21 242 256, 9 10 276 286, 
8 2 129 150, 9 14 152 194, 9 11 286 306, 
