18 4 146 159, 16 14 184 201, 17 19 251 257, 7 12 257 284, 8 11 326 341, 
7 19 18 49, 9 18 49 59, 17 18 59 74, 9 19 101 110, 9 13 110 154, 17 17 154 196, 7 11 196 243, 
18 7 0 44, 18 1 54 62, 17 14 118 130, 9 4 154 167, 8 7 197 232, 8 20 232 277, 
9 16 0 42, 8 1 42 92, 7 6 94 140, 16 13 140 184, 18 16 184 202, 16 15 202 208, 9 20 209 227, 17 3 227 238, 
7 2 12 18, 18 12 62 93, 9 15 227 241, 18 6 267 313, 
17 13 0 33, 7 20 76 94, 16 6 94 99, 9 5 246 251, 9 6 251 280, 8 8 280 296, 9 12 310 351, 
7 1 0 12, 9 2 80 101, 17 5 279 290, 
17 12 309 326, 
18 13 93 119, 18 5 202 219, 16 16 219 224, 17 20 257 262, 7 13 284 302, 8 9 302 326, 
8 17 0 34, 7 21 140 168, 17 2 196 209, 18 11 219 267, 18 17 313 345, 
16 1 0 41, 16 18 41 59, 17 1 74 118, 18 10 119 146, 8 19 181 197, 17 22 262 279, 17 7 290 309, 
9 1 59 80, 8 3 113 148, 7 10 168 173, 17 4 238 251, 
18 8 44 54, 8 6 148 181, 9 7 241 246, 16 17 246 265, 7 18 302 328, 
16 20 59 74, 16 21 99 113, 16 12 113 137, 9 10 280 290, 
7 3 49 76, 8 2 92 113, 9 14 167 209, 9 11 290 310, 
