17 19 100 106, 17 16 118 123, 17 11 237 261, 8 11 347 362, 
17 18 0 15, 9 13 42 86, 7 19 86 117, 7 11 122 169, 8 5 169 187, 18 3 187 208, 17 9 208 237, 17 17 261 303, 
18 1 0 8, 7 7 12 34, 18 7 34 78, 16 19 103 122, 8 7 187 222, 8 20 237 282, 
9 16 0 42, 8 1 42 92, 8 4 157 168, 16 15 248 254, 9 20 307 325, 18 16 325 343, 
7 8 34 43, 16 7 142 147, 9 15 155 169, 16 8 169 185, 18 12 208 239, 18 6 265 311, 
18 2 8 20, 7 9 43 67, 17 13 67 100, 16 6 137 142, 7 20 189 207, 9 6 278 307, 8 8 307 323, 9 12 325 366, 
7 1 0 12, 8 18 222 237, 9 2 237 258, 7 17 258 278, 
17 15 106 113, 7 15 207 218, 16 11 218 248, 17 12 303 320, 
17 20 113 118, 17 8 147 164, 18 13 239 265, 16 16 265 270, 8 9 323 347, 
8 17 0 34, 18 11 130 178, 16 9 185 194, 7 21 218 246, 18 17 343 375, 
16 18 0 18, 17 1 18 62, 16 1 62 103, 18 10 103 130, 17 22 130 147, 7 14 169 189, 16 10 194 205, 
9 1 86 107, 7 10 117 122, 8 3 122 157, 
18 8 78 88, 9 7 107 112, 9 3 258 278, 16 17 278 297, 7 18 297 323, 
16 20 122 137, 16 21 147 161, 9 10 169 179, 
8 2 92 113, 9 14 113 155, 17 10 164 177, 9 11 179 199, 9 17 199 219, 
