10 3 83 105, 14 2 105 115, 16 14 202 219, 7 12 234 261, 13 10 268 280, 
7 19 12 43, 4 1 68 86, 13 18 88 132, 13 7 160 187, 7 11 187 234, 
7 7 61 83, 8 20 99 144, 8 12 144 187, 4 9 209 214, 14 8 214 222, 5 17 253 274, 
8 1 0 50, 10 1 50 83, 5 1 83 112, 5 10 112 141, 14 3 141 149, 14 5 149 158, 16 13 158 202, 14 11 222 264, 16 15 264 270, 
5 15 11 35, 7 8 112 121, 4 4 136 144, 10 6 180 190, 
4 13 0 21, 7 20 43 61, 16 6 114 119, 7 9 121 145, 4 8 164 209, 5 12 209 235, 
7 1 0 12, 4 16 45 68, 13 2 68 73, 8 18 84 99, 10 5 125 160, 4 11 247 283, 5 18 283 317, 
5 14 0 11, 13 17 73 88, 13 5 132 156, 1 8 232 279, 
14 1 62 105, 4 3 116 136, 13 6 156 160, 14 7 160 189, 10 9 190 209, 4 10 214 247, 13 9 247 268, 16 16 270 275, 7 13 275 293, 
8 17 50 84, 7 21 84 112, 4 7 144 164, 8 15 187 223, 8 13 223 267, 14 13 267 274, 13 11 280 327, 
16 18 0 18, 13 1 18 59, 16 1 59 100, 1 7 193 232, 
14 9 0 10, 4 15 21 45, 1 6 58 83, 4 2 86 116, 7 10 145 150, 1 4 150 193, 10 10 209 254, 
1 5 28 58, 5 16 58 72, 10 4 105 125, 16 17 275 294, 7 18 294 320, 
1 1 0 10, 16 20 18 33, 14 12 33 62, 16 21 100 114, 16 12 119 143, 5 11 143 184, 5 13 235 253, 10 11 254 271, 8 14 271 302, 8 16 302 330, 
1 2 10 28, 1 3 83 126, 10 2 160 180, 14 10 189 214, 4 12 283 312, 
