10 3 0 22, 16 14 227 244, 13 10 245 257, 7 12 271 298, 
4 1 45 63, 7 19 63 94, 13 18 94 138, 13 7 197 224, 7 11 224 271, 
7 7 12 34, 4 5 63 92, 8 12 92 135, 14 4 135 153, 4 9 244 249, 8 20 249 294, 5 17 294 315, 14 8 315 323, 
8 1 0 50, 5 1 50 79, 5 10 79 108, 4 6 108 141, 10 1 141 174, 14 5 174 183, 16 13 183 227, 14 11 227 269, 16 15 269 275, 14 6 276 303, 
7 8 34 43, 10 6 113 123, 5 15 149 173, 
4 13 0 21, 7 20 94 112, 16 6 112 117, 7 9 140 164, 5 12 173 199, 4 8 199 244, 
7 1 0 12, 10 5 78 113, 4 16 141 164, 13 2 164 169, 8 18 176 191, 4 11 282 318, 5 18 318 352, 
5 14 0 11, 13 17 11 26, 13 5 169 193, 1 8 208 255, 
14 1 0 43, 13 6 193 197, 10 9 197 216, 13 9 224 245, 4 10 249 282, 16 16 282 287, 7 13 298 316, 
8 17 50 84, 7 21 112 140, 8 15 140 176, 4 7 176 196, 8 13 196 240, 14 13 269 276, 13 11 276 323, 
16 18 0 18, 13 1 26 67, 16 1 67 108, 1 7 169 208, 
4 15 21 45, 14 9 45 55, 1 6 101 126, 1 4 126 169, 7 10 169 174, 10 10 216 261, 
1 5 28 58, 10 4 58 78, 5 16 217 231, 16 17 287 306, 7 18 316 342, 
1 1 0 10, 16 20 18 33, 16 21 33 47, 14 12 55 84, 5 11 108 149, 16 12 149 173, 5 13 199 217, 10 11 261 278, 8 14 294 325, 8 16 325 353, 
1 2 10 28, 1 3 58 101, 14 10 101 126, 10 2 174 194, 4 12 318 347, 
