10 3 0 22, 14 2 84 94, 16 14 231 248, 7 12 255 282, 13 10 282 294, 
4 1 45 63, 7 19 63 94, 13 18 94 138, 13 7 181 208, 7 11 208 255, 
7 7 12 34, 4 5 63 92, 8 12 92 135, 4 9 241 246, 8 20 246 291, 5 17 299 320, 14 8 348 356, 
8 1 0 50, 5 1 50 79, 4 6 92 125, 5 10 125 154, 10 1 154 187, 16 13 187 231, 14 3 231 239, 16 15 248 254, 14 11 254 296, 14 5 296 305, 
7 8 34 43, 10 6 113 123, 5 15 195 219, 
4 13 0 21, 7 20 94 112, 16 6 112 117, 7 9 140 164, 4 8 196 241, 5 12 241 267, 
7 1 0 12, 10 5 78 113, 4 16 125 148, 13 2 148 153, 8 18 176 191, 4 11 292 328, 5 18 328 362, 
13 17 0 15, 5 14 15 26, 13 5 153 177, 1 8 208 255, 
14 1 0 43, 13 6 177 181, 13 9 208 229, 10 9 229 248, 16 16 254 259, 4 10 259 292, 7 13 292 310, 14 7 310 339, 
8 17 50 84, 7 21 112 140, 8 15 140 176, 4 7 176 196, 8 13 196 240, 13 11 294 341, 14 13 341 348, 
16 18 0 18, 13 1 18 59, 16 1 59 100, 1 7 169 208, 
4 15 21 45, 14 9 45 55, 1 6 101 126, 1 4 126 169, 7 10 169 174, 10 10 248 293, 
1 5 28 58, 10 4 58 78, 16 17 259 278, 5 16 285 299, 7 18 310 336, 
1 1 0 10, 16 20 18 33, 16 21 33 47, 14 12 55 84, 16 12 117 141, 5 11 154 195, 5 13 267 285, 8 14 291 322, 8 16 322 350, 10 11 350 367, 
1 2 10 28, 1 3 58 101, 14 10 101 126, 10 2 187 207, 4 12 328 357, 
