10 3 0 22, 7 12 140 167, 8 11 309 324, 
13 18 26 70, 4 1 75 93, 7 11 93 140, 7 19 167 198, 8 5 212 230, 
7 7 12 34, 5 2 40 74, 8 20 100 145, 5 17 157 178, 4 9 216 221, 8 7 230 265, 14 4 265 283, 14 8 319 327, 
5 1 11 40, 8 1 50 100, 10 1 100 133, 5 7 133 157, 14 11 157 199, 8 4 201 212, 5 9 225 262, 16 15 262 268, 13 15 268 272, 14 5 283 292, 14 6 292 319, 
7 8 34 43, 5 15 74 98, 16 7 111 116, 4 4 143 151, 16 8 151 167, 10 6 168 178, 
4 13 0 21, 7 9 43 67, 16 6 106 111, 13 12 132 170, 4 8 171 216, 7 20 216 234, 13 14 234 247, 8 8 265 281, 
7 1 0 12, 4 16 52 75, 10 5 133 168, 4 11 254 290, 5 18 290 324, 
5 14 0 11, 13 17 11 26, 16 11 207 237, 1 8 265 312, 
14 1 0 43, 4 3 123 143, 10 9 198 217, 4 10 221 254, 7 13 262 280, 16 16 280 285, 8 9 285 309, 
8 17 0 34, 4 14 34 52, 4 7 151 171, 13 13 171 187, 16 9 187 196, 14 13 199 206, 7 21 234 262, 
16 18 0 18, 8 19 34 50, 16 1 50 91, 13 1 91 132, 16 10 196 207, 1 7 226 265, 
14 9 43 53, 7 10 67 72, 4 2 93 123, 1 4 123 166, 8 3 166 201, 1 6 201 226, 10 10 226 271, 
10 4 22 42, 5 16 98 112, 1 5 166 196, 5 8 196 225, 7 18 280 306, 16 17 306 325, 
1 1 0 10, 14 12 53 82, 16 20 91 106, 16 21 116 130, 13 16 272 285, 10 11 285 302, 
1 2 10 28, 1 3 28 71, 14 10 82 107, 5 3 112 125, 8 2 145 166, 10 2 178 198, 4 12 290 319, 
