5 10 40 78, 7 21 165 197, 13 13 206 228, 1 7 228 268, 
7 2 12 19, 4 1 49 67, 7 19 67 98, 4 6 119 155, 7 11 205 252, 5 17 256 283, 14 8 338 347, 
10 1 24 64, 4 5 90 119, 8 20 119 164, 10 9 207 231, 4 9 250 255, 10 10 255 303, 8 7 305 340, 
5 1 0 29, 13 1 59 106, 8 1 164 214, 16 13 214 258, 14 5 258 267, 7 18 308 337, 
8 18 58 76, 16 12 124 152, 5 15 195 219, 
4 13 0 21, 14 4 43 68, 10 2 68 95, 7 20 98 116, 7 10 197 205, 4 8 205 250, 13 15 292 297, 8 8 340 356, 
7 1 0 12, 4 16 67 90, 5 12 128 160, 10 5 160 195, 7 14 252 274, 16 15 278 288, 7 17 288 308, 5 18 308 342, 
5 14 29 40, 16 20 75 95, 8 2 214 237, 5 16 237 256, 16 14 258 278, 1 8 278 325, 8 11 380 397, 
14 1 0 43, 13 17 43 59, 14 10 85 113, 10 6 195 207, 4 10 255 288, 16 16 288 293, 8 9 356 380, 
16 18 0 24, 8 17 24 58, 5 11 78 128, 10 4 128 150, 4 7 155 175, 5 13 175 195, 14 13 195 202, 
16 1 24 65, 4 11 288 329, 
16 6 65 75, 14 9 75 85, 16 21 95 124, 1 4 124 167, 1 6 167 192, 8 3 237 272, 
10 3 0 24, 1 5 28 58, 7 6 116 165, 13 12 165 206, 13 14 228 242, 8 6 272 305, 14 6 305 338, 16 17 338 357, 
1 1 0 10, 4 14 21 49, 14 12 160 189, 7 16 274 284, 10 11 303 320, 4 12 329 360, 13 16 360 373, 
1 2 10 28, 7 3 28 55, 1 3 58 101, 14 11 113 160, 13 18 242 292, 
