10 3 0 22, 14 2 146 156, 7 12 254 281, 
4 1 0 18, 7 19 34 65, 13 18 65 109, 7 11 207 254, 
7 7 12 34, 8 20 50 95, 8 12 157 200, 4 9 219 224, 5 17 224 245, 14 8 245 253, 
5 1 0 29, 10 1 29 62, 5 10 78 107, 8 1 107 157, 14 11 157 199, 14 3 199 207, 14 5 207 216, 14 6 216 243, 13 15 286 290, 16 15 294 300, 
5 15 40 64, 7 8 83 92, 4 4 107 115, 16 7 206 211, 16 8 211 227, 
4 13 18 39, 7 20 65 83, 16 6 109 114, 7 9 120 144, 5 12 148 174, 4 8 174 219, 13 12 219 257, 13 14 273 286, 
7 1 0 12, 4 16 140 163, 5 18 245 279, 4 11 279 315, 
13 17 0 15, 5 14 29 40, 16 11 264 294, 1 8 303 350, 
14 1 10 53, 4 3 87 107, 10 9 202 221, 4 10 224 257, 7 13 281 299, 16 16 300 305, 
8 17 0 34, 4 14 69 87, 7 21 92 120, 4 7 120 140, 8 13 200 244, 16 9 244 253, 13 13 257 273, 8 15 275 311, 14 13 311 318, 
8 19 34 50, 16 1 50 91, 16 18 91 109, 13 1 109 150, 16 10 253 264, 1 7 264 303, 
14 9 0 10, 4 2 39 69, 1 6 101 126, 10 7 126 158, 10 8 158 202, 7 10 202 207, 1 4 207 250, 10 10 250 295, 
1 5 28 58, 5 16 64 78, 7 18 299 325, 16 17 325 344, 
1 1 0 10, 14 12 53 82, 5 11 107 148, 16 20 148 163, 5 13 174 192, 16 21 192 206, 8 14 244 275, 13 16 290 303, 10 11 303 320, 8 16 320 348, 
1 2 10 28, 1 3 58 101, 10 2 101 121, 14 10 121 146, 4 12 315 344, 
