10 3 0 22, 13 10 217 229, 16 14 237 254, 7 12 254 281, 
4 1 21 39, 7 19 44 75, 13 18 75 119, 13 7 169 196, 7 11 196 243, 
7 7 12 34, 14 4 43 61, 8 12 84 127, 14 8 193 201, 4 9 228 233, 8 20 233 278, 5 17 278 299, 
8 1 0 50, 5 1 50 79, 5 10 79 108, 10 1 114 147, 14 5 157 166, 14 6 166 193, 16 13 193 237, 16 15 254 260, 14 11 260 302, 
5 15 11 35, 7 8 35 44, 10 6 104 114, 4 4 136 144, 
4 13 0 21, 7 20 75 93, 16 6 108 113, 7 9 121 145, 4 8 183 228, 5 12 228 254, 
7 1 0 12, 10 5 69 104, 4 16 113 136, 13 2 136 141, 8 18 163 178, 4 11 266 302, 5 18 302 336, 
5 14 0 11, 13 17 11 26, 13 5 141 165, 1 8 210 257, 
14 1 0 43, 4 3 93 113, 13 6 165 169, 10 9 169 188, 13 9 196 217, 4 10 233 266, 16 16 266 271, 7 13 281 299, 
8 17 50 84, 7 21 93 121, 8 15 127 163, 4 7 163 183, 8 13 183 227, 13 11 229 276, 14 13 302 309, 
16 18 0 18, 13 1 26 67, 16 1 67 108, 1 7 171 210, 
4 15 39 63, 4 2 63 93, 14 9 93 103, 1 4 103 146, 1 6 146 171, 7 10 171 176, 10 10 188 233, 
5 16 35 49, 10 4 49 69, 1 5 71 101, 16 17 271 290, 7 18 299 325, 
1 1 0 10, 16 20 18 33, 16 21 33 47, 14 12 128 157, 16 12 157 181, 5 11 181 222, 10 11 233 250, 5 13 254 272, 8 14 278 309, 8 16 309 337, 
1 2 10 28, 1 3 28 71, 14 10 103 128, 10 2 147 167, 4 12 302 331, 
