10 3 0 22, 7 12 145 172, 8 11 307 322, 
4 1 0 18, 13 18 18 62, 7 11 98 145, 7 19 172 203, 8 5 214 232, 
7 7 12 34, 5 2 40 74, 14 4 74 92, 5 17 125 146, 8 20 169 214, 4 9 214 219, 8 7 232 267, 14 8 293 301, 
5 1 0 29, 8 1 34 84, 10 1 84 117, 14 5 121 130, 8 4 143 154, 14 6 154 181, 16 15 182 188, 5 9 207 244, 14 11 244 286, 13 15 286 290, 
7 8 34 43, 5 15 87 111, 16 7 111 116, 16 8 116 132, 4 4 136 144, 10 6 152 162, 
4 13 18 39, 7 9 43 67, 16 6 88 93, 13 12 129 167, 4 8 167 212, 7 20 212 230, 13 14 230 243, 8 8 267 283, 
7 1 0 12, 4 16 93 116, 10 5 117 152, 8 18 154 169, 4 11 252 288, 5 18 288 322, 
13 17 0 15, 5 14 29 40, 16 11 152 182, 1 8 250 297, 
14 1 10 53, 4 3 116 136, 10 9 182 201, 16 16 201 206, 4 10 219 252, 7 13 258 276, 8 9 283 307, 
8 17 0 34, 16 9 132 141, 4 7 144 164, 13 13 167 183, 7 21 230 258, 14 13 286 293, 
16 18 0 18, 16 1 47 88, 13 1 88 129, 16 10 141 152, 5 6 179 207, 1 7 211 250, 
14 9 0 10, 4 15 39 63, 4 2 63 93, 7 10 93 98, 8 3 108 143, 1 4 143 186, 1 6 186 211, 10 10 211 256, 
10 4 22 42, 1 5 71 101, 5 16 111 125, 5 5 171 179, 16 17 206 225, 7 18 276 302, 
1 1 0 10, 16 20 18 33, 16 21 33 47, 14 12 92 121, 5 4 146 171, 10 11 256 273, 13 16 290 303, 
1 2 10 28, 1 3 28 71, 5 3 74 87, 8 2 87 108, 10 2 162 182, 14 10 182 207, 4 12 288 317, 
