7 19 12 47, 16 13 199 249, 16 14 249 266, 13 13 284 306, 
4 13 0 22, 10 1 22 61, 4 1 71 89, 16 21 89 116, 5 17 140 167, 7 9 167 195, 16 15 266 273, 10 9 290 313, 14 8 364 373, 
7 7 47 69, 13 1 190 236, 10 10 313 361, 
8 1 0 50, 5 16 50 70, 1 6 150 182, 14 3 182 190, 5 9 240 277, 14 5 277 286, 13 15 320 324, 
16 18 0 27, 14 9 43 61, 4 4 147 155, 7 8 157 166, 1 7 182 231, 4 10 231 270, 13 16 324 339, 
4 8 175 220, 14 13 355 364, 
7 1 0 12, 7 21 124 157, 8 18 188 203, 10 5 243 278, 
13 17 0 15, 4 2 89 127, 1 8 231 278, 7 12 278 308, 16 17 308 332, 
14 1 0 43, 4 16 46 71, 14 12 71 106, 4 3 127 147, 14 10 147 175, 7 11 223 271, 10 6 278 290, 7 13 308 326, 14 7 326 355, 
8 17 50 84, 8 12 84 133, 4 7 155 175, 5 7 182 210, 8 13 210 254, 5 18 277 317, 
1 2 10 34, 5 1 70 101, 7 20 101 124, 16 1 124 165, 5 3 167 182, 5 8 210 240, 4 11 270 311, 
5 14 0 13, 4 15 22 46, 1 4 77 120, 14 2 120 133, 16 6 165 175, 4 9 220 229, 8 20 254 302, 16 16 302 308, 
5 15 13 39, 1 5 120 150, 8 15 150 188, 10 3 188 212, 7 10 212 223, 10 4 223 243, 13 12 243 284, 13 14 306 320, 7 18 326 352, 
1 1 0 10, 16 20 27 42, 16 12 175 199, 14 11 199 242, 8 14 302 333, 8 16 333 361, 10 11 361 378, 
1 3 34 77, 10 2 77 97, 5 2 101 140, 13 18 140 190, 4 12 311 340, 
