10 3 0 22, 7 19 22 57, 10 1 57 91, 13 6 200 205, 16 13 247 297, 16 14 297 314, 
4 1 0 18, 5 14 31 45, 4 6 47 83, 16 21 83 110, 7 5 143 153, 8 17 168 207, 5 17 251 278, 13 8 284 324, 16 15 324 331, 14 8 331 340, 
4 5 18 47, 8 12 50 93, 13 1 121 167, 4 9 167 172, 14 4 217 235, 8 20 336 381, 
8 1 0 50, 13 4 187 200, 14 5 235 244, 
16 18 0 27, 5 2 45 89, 13 2 167 175, 4 10 213 252, 8 18 318 336, 7 18 338 368, 
7 20 57 75, 4 8 103 148, 5 8 158 192, 4 13 192 213, 10 9 213 234, 7 10 234 242, 
7 1 0 12, 7 21 75 108, 7 4 116 143, 13 3 175 187, 4 11 276 312, 4 16 312 335, 5 18 335 369, 
13 17 0 15, 7 2 108 116, 5 16 232 251, 7 12 290 320, 1 8 320 367, 16 17 367 391, 
14 1 0 43, 14 10 189 217, 7 11 242 290, 7 13 320 338, 
4 7 83 103, 5 7 130 158, 8 13 207 251, 13 7 251 284, 14 13 290 297, 
5 1 0 31, 5 3 89 104, 16 1 110 151, 7 6 153 203, 1 7 203 242, 13 11 324 373, 
10 7 22 54, 1 6 101 126, 1 4 126 169, 10 8 169 213, 16 6 213 223, 4 15 252 276, 10 10 276 321, 16 16 331 337, 
1 5 71 101, 5 15 104 130, 8 15 130 168, 5 9 192 232, 8 14 251 283, 14 6 297 330, 
1 1 0 10, 16 20 27 42, 14 12 160 189, 16 12 223 247, 14 11 247 290, 8 16 290 318, 10 11 321 338, 
1 2 10 28, 1 3 28 71, 13 18 71 121, 10 2 121 141, 14 9 141 160, 4 12 335 364, 
