10 3 53 75, 14 2 121 131, 7 12 246 273, 
4 1 0 18, 7 19 34 65, 13 18 65 109, 7 11 199 246, 
7 7 12 34, 8 20 50 95, 5 2 95 129, 8 12 145 188, 4 9 208 213, 14 8 231 239, 5 17 274 295, 
10 1 0 33, 5 1 49 78, 8 1 95 145, 14 11 145 187, 14 3 187 195, 14 5 195 204, 14 6 204 231, 16 15 231 237, 5 9 237 274, 13 15 275 279, 
5 15 11 35, 7 8 83 92, 4 4 107 115, 16 7 143 148, 16 8 148 164, 
4 13 18 39, 7 20 65 83, 16 6 109 114, 7 9 120 144, 4 8 163 208, 13 12 208 246, 13 14 262 275, 
7 1 0 12, 4 16 140 163, 4 11 246 282, 5 18 295 329, 
5 14 0 11, 13 17 11 26, 16 11 184 214, 1 8 263 310, 
14 1 10 53, 4 3 87 107, 10 9 194 213, 4 10 213 246, 16 16 246 251, 7 13 273 291, 
8 17 0 34, 4 14 69 87, 7 21 92 120, 4 7 120 140, 16 9 164 173, 8 13 188 232, 14 13 239 246, 13 13 246 262, 8 15 263 299, 
8 19 34 50, 16 1 50 91, 16 18 91 109, 13 1 109 150, 16 10 173 184, 5 6 188 216, 1 7 224 263, 
14 9 0 10, 4 2 39 69, 10 7 75 107, 1 4 107 150, 10 8 150 194, 7 10 194 199, 1 6 199 224, 10 10 224 269, 
5 16 35 49, 1 5 150 180, 5 5 180 188, 16 17 251 270, 7 18 291 317, 
1 1 0 10, 14 12 53 82, 16 20 114 129, 16 21 129 143, 5 4 143 168, 8 14 232 263, 10 11 269 286, 13 16 286 299, 8 16 299 327, 
1 2 10 28, 10 2 33 53, 1 3 53 96, 14 10 96 121, 5 3 129 142, 4 12 282 311, 
