10 3 0 22, 16 14 221 238, 13 10 238 250, 7 12 262 289, 
4 1 21 39, 7 19 44 75, 13 18 75 119, 13 7 167 194, 7 11 215 262, 
7 7 12 34, 8 12 84 127, 14 4 147 165, 4 9 186 191, 8 20 236 281, 5 17 281 302, 14 8 320 328, 
8 1 0 50, 5 1 50 79, 5 10 79 108, 10 1 144 177, 16 13 177 221, 14 5 221 230, 16 15 238 244, 14 11 244 286, 14 6 293 320, 
5 15 11 35, 7 8 35 44, 4 4 89 97, 10 6 134 144, 
4 13 0 21, 7 20 75 93, 16 6 108 113, 4 8 141 186, 7 9 186 210, 5 12 210 236, 
7 1 0 12, 10 5 99 134, 13 2 134 139, 8 18 177 192, 4 16 192 215, 4 11 270 306, 5 18 306 340, 
5 14 0 11, 13 17 11 26, 13 5 139 163, 1 8 229 276, 
14 1 0 43, 4 3 69 89, 13 6 163 167, 10 9 197 216, 13 9 216 237, 4 10 237 270, 16 16 270 275, 7 13 289 307, 
8 17 50 84, 7 21 93 121, 4 7 121 141, 8 15 141 177, 8 13 192 236, 14 13 286 293, 13 11 293 340, 
16 18 0 18, 13 1 26 67, 16 1 67 108, 1 7 190 229, 
4 2 39 69, 14 9 69 79, 4 15 97 121, 1 6 122 147, 1 4 147 190, 7 10 210 215, 10 10 216 261, 
5 16 35 49, 1 5 49 79, 10 4 79 99, 16 17 275 294, 7 18 307 333, 
1 1 0 10, 16 20 18 33, 16 21 33 47, 14 12 79 108, 5 11 108 149, 16 12 149 173, 5 13 236 254, 10 11 261 278, 8 14 281 312, 8 16 312 340, 
1 2 10 28, 1 3 79 122, 14 10 122 147, 10 2 177 197, 4 12 306 335, 
