10 3 0 22, 13 10 229 241, 7 12 255 282, 16 14 318 335, 
4 1 45 63, 7 19 63 94, 13 18 94 138, 13 7 181 208, 7 11 208 255, 
7 7 12 34, 4 5 63 92, 8 12 92 135, 4 9 241 246, 14 4 247 265, 8 20 265 310, 5 17 310 331, 14 8 331 339, 
8 1 0 50, 5 1 50 79, 4 6 92 125, 5 10 125 154, 10 1 154 187, 14 11 187 229, 14 5 265 274, 16 13 274 318, 16 15 335 341, 
7 8 34 43, 10 6 113 123, 5 15 195 219, 
4 13 0 21, 7 20 94 112, 16 6 112 117, 7 9 140 164, 4 8 196 241, 5 12 241 267, 
7 1 0 12, 10 5 78 113, 4 16 125 148, 13 2 148 153, 8 18 176 191, 4 11 281 317, 5 18 331 365, 
13 17 0 15, 5 14 15 26, 13 5 153 177, 1 8 208 255, 
14 1 0 43, 13 6 177 181, 13 9 208 229, 10 9 229 248, 4 10 248 281, 7 13 282 300, 14 7 300 329, 16 16 341 346, 
8 17 50 84, 7 21 112 140, 8 15 140 176, 4 7 176 196, 8 13 196 240, 14 13 240 247, 13 11 247 294, 
16 18 0 18, 13 1 18 59, 16 1 59 100, 1 7 169 208, 
4 15 21 45, 14 9 45 55, 1 6 101 126, 1 4 126 169, 7 10 169 174, 10 10 248 293, 
1 5 28 58, 10 4 58 78, 5 16 285 299, 7 18 300 326, 16 17 346 365, 
1 1 0 10, 16 20 18 33, 16 21 33 47, 14 12 55 84, 16 12 117 141, 5 11 154 195, 5 13 267 285, 10 11 293 310, 8 14 310 341, 8 16 341 369, 
1 2 10 28, 1 3 58 101, 14 10 101 126, 10 2 187 207, 4 12 317 346, 
