10 3 91 113, 14 2 116 126, 7 12 242 269, 
4 1 0 18, 7 19 34 65, 13 18 65 109, 7 11 195 242, 
7 7 12 34, 8 20 50 95, 8 12 145 188, 4 9 215 220, 14 8 231 239, 5 17 239 260, 
10 1 0 33, 5 1 33 62, 5 10 62 91, 8 1 95 145, 14 11 145 187, 14 3 187 195, 14 5 195 204, 14 6 204 231, 16 15 232 238, 13 15 282 286, 
7 8 83 92, 4 4 107 115, 16 7 161 166, 16 8 166 182, 5 15 188 212, 
4 13 18 39, 7 20 65 83, 16 6 109 114, 7 9 120 144, 5 12 144 170, 4 8 170 215, 13 12 215 253, 13 14 269 282, 
7 1 0 12, 4 16 140 163, 4 11 253 289, 5 18 289 323, 
13 17 0 15, 5 14 15 26, 16 11 202 232, 1 8 259 306, 
14 1 10 53, 4 3 87 107, 10 9 190 209, 4 10 220 253, 16 16 253 258, 7 13 269 287, 
8 17 0 34, 4 14 69 87, 7 21 92 120, 4 7 120 140, 16 9 182 191, 8 13 191 235, 14 13 239 246, 13 13 253 269, 8 15 269 305, 
8 19 34 50, 16 1 50 91, 16 18 91 109, 13 1 109 150, 16 10 191 202, 1 7 220 259, 
14 9 0 10, 4 2 39 69, 1 4 71 114, 10 7 114 146, 10 8 146 190, 7 10 190 195, 1 6 195 220, 10 10 220 265, 
1 5 114 144, 5 16 212 226, 16 17 258 277, 7 18 287 313, 
1 1 0 10, 14 12 53 82, 5 11 91 132, 16 20 132 147, 16 21 147 161, 5 13 170 188, 8 14 235 266, 10 11 266 283, 13 16 286 299, 8 16 305 333, 
1 2 10 28, 1 3 28 71, 10 2 71 91, 14 10 91 116, 4 12 289 318, 
