10 3 83 105, 7 12 211 238, 16 5 251 276, 8 11 304 319, 
7 19 12 43, 4 1 68 86, 7 11 164 211, 8 5 211 229, 13 18 229 273, 
7 7 61 83, 8 20 99 144, 16 3 144 177, 14 4 190 208, 4 9 209 214, 8 7 229 264, 5 17 264 285, 14 8 287 295, 
8 1 0 50, 10 1 50 83, 5 1 83 112, 5 10 112 141, 14 11 141 183, 13 15 183 187, 8 4 200 211, 16 4 211 251, 14 5 251 260, 14 6 260 287, 
5 15 11 35, 7 8 112 121, 4 4 136 144, 10 6 182 192, 
4 13 0 21, 7 20 43 61, 13 12 61 99, 7 9 121 145, 13 14 145 158, 4 8 164 209, 5 12 209 235, 8 8 264 280, 
7 1 0 12, 4 16 45 68, 8 18 84 99, 16 2 100 132, 10 5 147 182, 4 11 247 283, 5 18 285 319, 
5 14 0 11, 13 17 187 202, 1 8 264 311, 
14 1 10 53, 4 3 116 136, 10 9 192 211, 4 10 214 247, 7 13 247 265, 8 9 280 304, 
8 17 50 84, 7 21 84 112, 13 13 112 128, 4 7 144 164, 14 13 183 190, 
16 18 0 18, 13 1 18 59, 16 1 59 100, 1 7 225 264, 
14 9 0 10, 4 15 21 45, 4 2 86 116, 1 4 116 159, 7 10 159 164, 8 3 165 200, 1 6 200 225, 10 10 225 270, 
5 16 35 49, 10 4 127 147, 1 5 159 189, 7 18 265 291, 
1 1 0 10, 16 20 18 33, 16 21 33 47, 14 12 53 82, 5 11 141 182, 13 16 202 215, 5 13 235 253, 10 11 270 287, 
1 2 10 28, 1 3 28 71, 14 10 82 107, 10 2 107 127, 8 2 144 165, 4 12 283 312, 
