10 1 0 34, 4 7 106 129, 16 1 129 172, 7 21 172 204, 1 7 204 244, 
4 13 0 22, 4 1 22 40, 7 9 49 77, 7 19 77 108, 16 21 179 206, 10 9 206 229, 16 14 283 302, 13 18 345 389, 
7 7 17 39, 14 1 39 85, 8 12 138 181, 4 9 221 226, 10 10 229 277, 5 9 277 318, 14 8 363 371, 
13 1 0 47, 5 16 68 88, 8 1 88 138, 10 5 138 175, 16 15 302 308, 14 5 324 333, 
16 18 0 27, 5 15 44 68, 4 4 98 106, 7 20 108 130, 16 12 206 234, 4 10 234 273, 14 7 333 363, 7 18 363 393, 
13 12 47 85, 4 8 129 174, 16 6 174 179, 5 8 179 213, 13 15 213 218, 14 4 299 324, 
8 18 34 49, 4 16 198 221, 5 17 221 251, 7 15 277 290, 7 17 290 310, 4 11 310 346, 
7 1 0 17, 4 2 40 78, 16 20 78 98, 16 13 234 283, 1 8 283 330, 13 17 330 345, 
1 1 0 13, 4 3 78 98, 14 10 119 147, 10 6 175 187, 7 11 209 257, 14 12 257 292, 16 16 308 313, 
8 17 0 34, 7 8 39 49, 10 4 58 80, 5 2 88 129, 5 7 144 172, 8 13 219 263, 14 13 292 299, 5 18 318 358, 
5 1 13 44, 5 3 129 144, 13 16 218 236, 7 14 257 277, 
5 14 0 13, 1 4 74 117, 13 13 117 135, 1 6 147 172, 4 15 174 198, 7 10 204 209, 8 20 263 311, 
10 3 34 58, 1 5 117 147, 8 15 181 219, 8 14 311 343, 16 17 343 362, 
13 14 135 154, 14 11 154 197, 10 11 277 294, 8 16 343 371, 
1 2 13 31, 1 3 31 74, 10 2 80 100, 14 9 100 119, 4 12 346 375, 
