10 3 0 22, 14 2 146 156, 7 12 196 223, 
4 1 0 18, 7 19 34 65, 13 18 65 109, 7 11 149 196, 
7 7 12 34, 8 20 50 95, 8 12 157 200, 5 17 200 221, 4 9 221 226, 14 8 243 251, 
5 1 0 29, 10 1 29 62, 5 10 78 107, 8 1 107 157, 14 11 157 199, 14 3 199 207, 14 5 207 216, 14 6 216 243, 13 15 286 290, 16 15 294 300, 
5 15 40 64, 7 8 83 92, 4 4 107 115, 16 7 177 182, 16 8 182 198, 10 6 198 208, 
4 13 18 39, 7 20 65 83, 16 6 109 114, 7 9 120 144, 5 12 148 174, 4 8 174 219, 13 12 219 257, 13 14 273 286, 
7 1 0 12, 4 16 140 163, 10 5 163 198, 5 18 221 255, 4 11 260 296, 
13 17 0 15, 5 14 29 40, 16 11 264 294, 1 8 294 341, 
14 1 10 53, 4 3 87 107, 10 9 208 227, 4 10 227 260, 7 13 260 278, 16 16 300 305, 
8 17 0 34, 4 14 69 87, 7 21 92 120, 4 7 120 140, 8 13 200 244, 16 9 244 253, 13 13 257 273, 8 15 275 311, 14 13 311 318, 
8 19 34 50, 16 1 50 91, 16 18 91 109, 13 1 109 150, 1 7 192 231, 16 10 253 264, 
14 9 0 10, 4 2 39 69, 1 6 101 126, 7 10 144 149, 1 4 149 192, 10 10 227 272, 
1 5 28 58, 5 16 64 78, 10 4 121 141, 7 18 278 304, 16 17 305 324, 
1 1 0 10, 14 12 53 82, 5 11 107 148, 16 20 148 163, 16 21 163 177, 5 13 177 195, 8 14 244 275, 10 11 275 292, 13 16 292 305, 8 16 311 339, 
1 2 10 28, 1 3 58 101, 10 2 101 121, 14 10 121 146, 4 12 296 325, 
