5 10 40 78, 7 21 156 188, 13 13 197 219, 1 7 275 315, 
7 2 12 19, 4 1 21 39, 7 19 58 89, 4 6 92 128, 7 11 196 243, 5 17 243 270, 14 8 309 318, 
4 5 39 68, 8 20 76 121, 10 1 121 161, 10 9 262 286, 8 7 286 321, 10 10 321 369, 
5 1 0 29, 13 1 72 119, 8 1 121 171, 16 13 179 223, 14 5 264 273, 7 18 345 374, 
8 18 58 76, 16 12 151 179, 5 15 193 217, 4 10 250 289, 
4 13 0 21, 14 4 56 81, 7 20 89 107, 10 2 161 188, 7 10 188 196, 4 8 196 241, 8 8 321 337, 13 15 337 342, 
7 1 0 12, 5 12 128 160, 10 5 215 250, 7 14 250 272, 16 15 272 282, 4 11 289 325, 7 17 325 345, 5 18 345 379, 
5 14 29 40, 16 20 102 122, 8 2 171 194, 5 16 217 236, 16 14 236 256, 1 8 315 362, 8 11 362 379, 
1 1 0 13, 14 1 13 56, 13 17 56 72, 4 16 128 153, 14 10 153 181, 10 6 250 262, 16 16 282 287, 8 9 337 361, 
16 18 0 24, 8 17 24 58, 5 11 78 128, 4 7 153 173, 5 13 173 193, 10 4 193 215, 14 13 257 264, 
16 1 24 65, 
4 15 68 92, 16 6 92 102, 14 9 102 112, 16 21 122 151, 1 4 151 194, 8 3 194 229, 4 9 241 250, 1 6 250 275, 
10 3 0 24, 7 6 107 156, 13 12 156 197, 1 5 197 227, 8 6 229 262, 13 14 262 276, 14 6 276 309, 16 17 309 328, 
14 12 228 257, 7 16 272 282, 4 12 325 356, 13 16 356 369, 10 11 369 386, 
1 2 13 31, 7 3 31 58, 1 3 58 101, 14 11 181 228, 13 18 276 326, 
