10 3 0 22, 13 10 219 231, 7 12 245 272, 16 14 272 289, 
4 1 45 63, 7 19 63 94, 13 18 94 138, 13 7 171 198, 7 11 198 245, 
7 7 12 34, 4 5 63 92, 8 12 92 135, 14 4 135 153, 5 17 215 236, 4 9 251 256, 8 20 256 301, 14 8 325 333, 
8 1 0 50, 5 1 72 101, 5 10 101 130, 4 6 130 163, 10 1 163 196, 14 5 196 205, 16 13 205 249, 14 11 249 291, 16 15 291 297, 14 6 298 325, 
5 15 11 35, 7 8 35 44, 10 6 127 137, 
4 13 0 21, 7 20 94 112, 16 6 112 117, 7 9 140 164, 5 12 171 197, 4 8 206 251, 
7 1 0 12, 10 5 92 127, 13 2 138 143, 4 16 163 186, 8 18 186 201, 5 18 236 270, 4 11 289 325, 
5 14 0 11, 13 17 11 26, 13 5 143 167, 1 8 208 255, 
14 1 0 43, 13 6 167 171, 13 9 198 219, 10 9 219 238, 4 10 256 289, 16 16 297 302, 7 13 302 320, 
8 17 50 84, 7 21 112 140, 8 15 140 176, 4 7 186 206, 8 13 206 250, 14 13 291 298, 13 11 298 345, 
16 18 0 18, 13 1 26 67, 16 1 67 108, 1 7 169 208, 
4 15 21 45, 14 9 45 55, 1 6 101 126, 1 4 126 169, 7 10 169 174, 10 10 238 283, 
1 5 28 58, 5 16 58 72, 10 4 72 92, 16 17 302 321, 7 18 321 347, 
1 1 0 10, 16 20 18 33, 16 21 33 47, 14 12 55 84, 5 11 130 171, 16 12 171 195, 5 13 197 215, 10 11 283 300, 8 14 301 332, 8 16 332 360, 
1 2 10 28, 1 3 58 101, 14 10 101 126, 10 2 196 216, 4 12 325 354, 
