10 3 0 22, 13 10 245 257, 7 12 271 298, 16 5 341 366, 
4 1 45 63, 7 19 63 94, 13 18 94 138, 13 7 197 224, 7 11 224 271, 
7 7 12 34, 16 19 34 53, 4 5 63 92, 8 20 99 144, 8 12 144 187, 4 9 229 234, 16 3 236 269, 14 4 274 292, 5 17 292 313, 14 8 345 353, 
8 1 0 50, 5 1 50 79, 5 10 79 108, 4 6 108 141, 10 1 141 174, 14 11 174 216, 14 5 292 301, 16 4 301 341, 
7 8 34 43, 10 6 77 87, 5 15 149 173, 
4 13 0 21, 7 20 94 112, 7 9 140 164, 4 8 184 229, 5 12 229 255, 
7 1 0 12, 10 5 42 77, 8 18 84 99, 4 16 141 164, 13 2 164 169, 16 2 204 236, 4 11 278 314, 5 18 314 348, 
13 17 0 15, 5 14 15 26, 13 5 169 193, 1 8 243 290, 
14 1 0 43, 13 6 193 197, 10 9 197 216, 13 9 224 245, 4 10 245 278, 7 13 298 316, 14 7 316 345, 
8 17 50 84, 7 21 112 140, 4 7 164 184, 8 13 187 231, 8 15 231 267, 14 13 267 274, 13 11 274 321, 
16 18 0 18, 13 1 18 59, 16 1 163 204, 1 7 204 243, 
4 15 21 45, 14 9 45 55, 1 4 71 114, 7 10 164 169, 1 6 169 194, 10 10 216 261, 
10 4 22 42, 1 5 114 144, 5 16 273 287, 7 18 316 342, 
1 1 0 10, 14 12 55 84, 16 20 84 99, 5 11 108 149, 16 21 149 163, 5 13 255 273, 8 14 273 304, 8 16 304 332, 10 11 332 349, 
1 2 10 28, 1 3 28 71, 14 10 84 109, 10 2 174 194, 4 12 314 343, 
