10 3 0 22, 7 12 145 172, 8 11 305 320, 
4 1 0 18, 13 18 18 62, 7 11 98 145, 7 19 172 203, 8 5 212 230, 
7 7 12 34, 5 2 40 74, 14 4 74 92, 8 20 100 145, 5 17 145 166, 4 9 215 220, 8 7 230 265, 14 8 313 321, 
5 1 0 29, 8 1 50 100, 10 1 100 133, 14 5 133 142, 14 6 142 169, 16 15 182 188, 8 4 201 212, 5 9 227 264, 14 11 264 306, 13 15 306 310, 
7 8 34 43, 5 15 87 111, 16 7 111 116, 16 8 116 132, 4 4 136 144, 10 6 168 178, 
4 13 18 39, 7 9 43 67, 16 6 91 96, 13 12 132 170, 4 8 170 215, 7 20 215 233, 13 14 233 246, 8 8 265 281, 
7 1 0 12, 4 16 93 116, 10 5 133 168, 4 11 253 289, 5 18 289 323, 
13 17 0 15, 5 14 29 40, 16 11 152 182, 1 8 266 313, 
14 1 10 53, 4 3 116 136, 16 16 188 193, 10 9 198 217, 4 10 220 253, 7 13 261 279, 8 9 281 305, 
8 17 0 34, 16 9 132 141, 4 7 144 164, 13 13 170 186, 7 21 233 261, 14 13 306 313, 
16 18 0 18, 8 19 34 50, 16 1 50 91, 13 1 91 132, 16 10 141 152, 5 6 199 227, 1 7 227 266, 
14 9 0 10, 4 15 39 63, 4 2 63 93, 7 10 93 98, 1 4 101 144, 8 3 166 201, 1 6 201 226, 10 10 226 271, 
10 4 22 42, 1 5 71 101, 5 16 111 125, 5 5 191 199, 16 17 199 218, 7 18 279 305, 
1 1 0 10, 16 20 18 33, 16 21 33 47, 14 12 92 121, 5 4 166 191, 10 11 271 288, 13 16 310 323, 
1 2 10 28, 1 3 28 71, 5 3 74 87, 8 2 145 166, 10 2 178 198, 14 10 198 223, 4 12 289 318, 
