10 3 0 22, 14 2 146 156, 7 12 295 322, 
4 1 0 18, 7 19 34 65, 13 18 65 109, 7 11 248 295, 
7 7 12 34, 8 20 50 95, 8 12 157 200, 4 9 219 224, 5 17 224 245, 14 8 245 253, 
5 1 0 29, 10 1 29 62, 5 10 78 107, 8 1 107 157, 14 11 157 199, 14 3 199 207, 14 5 207 216, 14 6 216 243, 16 15 294 300, 13 15 310 314, 
5 15 40 64, 7 8 83 92, 4 4 107 115, 16 7 206 211, 16 8 211 227, 
4 13 18 39, 7 20 65 83, 16 6 109 114, 5 12 148 174, 4 8 174 219, 7 9 219 243, 13 12 243 281, 13 14 297 310, 
7 1 0 12, 4 16 135 158, 5 18 245 279, 4 11 279 315, 
13 17 0 15, 5 14 29 40, 16 11 264 294, 1 8 330 377, 
14 1 10 53, 4 3 87 107, 10 9 202 221, 4 10 224 257, 16 16 300 305, 7 13 322 340, 
8 17 0 34, 4 14 69 87, 4 7 115 135, 7 21 135 163, 8 13 200 244, 16 9 244 253, 14 13 253 260, 13 13 281 297, 8 15 297 333, 
8 19 34 50, 16 1 50 91, 16 18 91 109, 13 1 109 150, 16 10 253 264, 1 7 291 330, 
14 9 0 10, 4 2 39 69, 1 6 101 126, 10 7 126 158, 10 8 158 202, 7 10 243 248, 1 4 248 291, 10 10 291 336, 
1 5 28 58, 5 16 64 78, 16 17 305 324, 7 18 340 366, 
1 1 0 10, 14 12 53 82, 5 11 107 148, 16 20 148 163, 5 13 174 192, 16 21 192 206, 8 14 244 275, 13 16 314 327, 10 11 336 353, 8 16 353 381, 
1 2 10 28, 1 3 58 101, 10 2 101 121, 14 10 121 146, 4 12 315 344, 
