10 3 91 113, 14 2 116 126, 7 12 198 225, 
4 1 0 18, 7 19 34 65, 13 18 65 109, 7 11 151 198, 
7 7 12 34, 8 20 57 102, 8 12 152 195, 4 9 215 220, 14 8 238 246, 5 17 246 267, 
10 1 0 33, 5 1 33 62, 5 10 62 91, 8 1 102 152, 14 11 152 194, 14 3 194 202, 14 5 202 211, 14 6 211 238, 16 15 238 244, 13 15 282 286, 
7 8 83 92, 4 4 107 115, 16 7 158 163, 16 8 163 179, 5 15 188 212, 
4 13 18 39, 7 20 65 83, 16 6 83 88, 7 9 120 144, 5 12 144 170, 4 8 170 215, 13 12 215 253, 13 14 269 282, 
7 1 0 12, 4 16 140 163, 4 11 253 289, 5 18 289 323, 
13 17 0 15, 5 14 15 26, 16 11 199 229, 1 8 259 306, 
14 1 10 53, 4 3 87 107, 10 9 195 214, 4 10 220 253, 7 13 253 271, 16 16 271 276, 
8 17 0 34, 4 14 69 87, 7 21 92 120, 4 7 120 140, 16 9 179 188, 8 13 195 239, 14 13 246 253, 13 13 253 269, 8 15 270 306, 
16 1 0 41, 8 19 41 57, 16 18 57 75, 13 1 109 150, 16 10 188 199, 1 7 220 259, 
14 9 0 10, 4 2 39 69, 1 4 71 114, 10 7 114 146, 7 10 146 151, 10 8 151 195, 1 6 195 220, 10 10 220 265, 
1 5 114 144, 5 16 212 226, 7 18 271 297, 16 17 297 316, 
1 1 0 10, 14 12 53 82, 16 20 88 103, 5 11 103 144, 16 21 144 158, 5 13 170 188, 8 14 239 270, 10 11 270 287, 13 16 287 300, 8 16 306 334, 
1 2 10 28, 1 3 28 71, 10 2 71 91, 14 10 91 116, 4 12 289 318, 
