10 3 91 113, 7 12 221 248, 16 14 258 275, 
4 1 0 18, 7 19 34 65, 13 18 81 125, 13 7 143 170, 7 11 174 221, 13 8 221 261, 
7 7 12 34, 8 20 49 94, 14 4 116 134, 13 4 134 139, 8 12 144 187, 4 9 187 192, 5 17 244 265, 14 8 308 316, 
10 1 0 33, 5 1 33 62, 5 10 62 91, 8 1 94 144, 14 5 163 172, 14 11 172 214, 16 13 214 258, 16 15 275 281, 14 6 281 308, 
7 8 87 96, 4 4 113 121, 5 15 132 156, 10 6 168 178, 
4 13 48 69, 7 20 69 87, 7 9 96 120, 16 6 129 134, 4 8 141 186, 5 12 186 212, 
7 1 0 12, 8 18 34 49, 13 2 49 54, 13 3 69 81, 10 5 133 168, 4 16 192 215, 4 11 248 284, 5 18 284 318, 
5 14 0 11, 13 17 54 69, 1 8 208 255, 
14 1 0 43, 4 3 93 113, 13 6 139 143, 10 9 178 197, 4 10 215 248, 7 13 248 266, 16 16 281 286, 
8 17 0 34, 4 7 121 141, 7 21 141 169, 8 15 187 223, 8 13 223 267, 14 13 267 274, 13 11 274 321, 
13 1 0 41, 16 18 41 59, 16 1 88 129, 1 7 169 208, 
4 2 18 48, 14 9 48 58, 4 15 69 93, 1 4 101 144, 1 6 144 169, 7 10 169 174, 10 10 197 242, 
1 5 71 101, 10 4 113 133, 5 16 230 244, 7 18 266 292, 16 17 292 311, 
1 1 0 10, 16 20 59 74, 16 21 74 88, 5 11 91 132, 14 12 134 163, 16 12 163 187, 5 13 212 230, 10 11 242 259, 8 14 267 298, 8 16 298 326, 
1 2 10 28, 1 3 28 71, 10 2 71 91, 14 10 91 116, 4 12 284 313, 
